(
(0 981.090865)
(0.0005 976.162084)
(0.001 971.233409)
(0.0015 966.304841)
(0.002 961.37638)
(0.0025 956.448028)
(0.003 951.519784)
(0.0035 946.591649)
(0.004 941.662985)
(0.0045 936.73514)
(0.005 931.8074)
(0.0055 926.879768)
(0.006 921.952243)
(0.0065 917.024827)
(0.007 912.097521)
(0.0075 907.170324)
(0.008 902.243239)
(0.0085 897.316266)
(0.009 892.389405)
(0.0095 887.462659)
(0.01 882.536027)
(0.0105 877.609512)
(0.011 872.683112)
(0.0115 867.756831)
(0.012 862.830667)
(0.0125 857.904624)
(0.013 852.978701)
(0.0135 848.052899)
(0.014 843.12722)
(0.0145 838.201664)
(0.015 833.276233)
(0.0155 828.350927)
(0.016 823.426196)
(0.0165 818.50084)
(0.017 813.57577)
(0.0175 808.650581)
(0.018 803.725927)
(0.0185 798.801405)
(0.019 793.877016)
(0.0195 788.95276)
(0.02 784.028638)
(0.0205 779.104651)
(0.021 774.180801)
(0.0215 769.257088)
(0.022 764.333512)
(0.0225 759.410076)
(0.023 754.48678)
(0.0235 749.563625)
(0.024 744.640612)
(0.0245 739.717742)
(0.025 734.795017)
(0.0255 729.872436)
(0.026 724.950003)
(0.0265 720.027716)
(0.027 715.105579)
(0.0275 710.183591)
(0.028 705.261754)
(0.0285 700.340069)
(0.029 695.418537)
(0.0295 690.49716)
(0.03 685.575939)
(0.0305 680.654874)
(0.031 675.733968)
(0.0315 670.813221)
(0.032 665.892635)
(0.0325 660.972211)
(0.033 656.05195)
(0.0335 651.131854)
(0.034 646.211925)
(0.0345 641.292163)
(0.035 636.37257)
(0.0355 631.453147)
(0.036 626.533897)
(0.0365 621.61482)
(0.037 616.695917)
(0.0375 611.777192)
(0.038 606.858644)
(0.0385 601.940276)
(0.039 597.022089)
(0.0395 592.104085)
(0.04 587.186266)
(0.0405 582.268633)
(0.041 577.351189)
(0.0415 572.433934)
(0.042 567.516871)
(0.0425 562.600001)
(0.043 557.683326)
(0.0435 552.766849)
(0.044 547.850571)
(0.0445 542.934495)
(0.045 538.018621)
(0.0455 533.102953)
(0.046 528.187492)
(0.0465 523.27224)
(0.047 518.357201)
(0.0475 513.442375)
(0.048 508.527765)
(0.0485 503.613373)
(0.049 498.699203)
(0.0495 493.785255)
(0.05 488.871534)
(0.0505 483.95804)
(0.051 479.045147)
(0.0515 474.132103)
(0.052 469.219296)
(0.0525 464.306727)
(0.053 459.394401)
(0.0535 454.482319)
(0.054 449.570484)
(0.0545 444.6589)
(0.055 439.74757)
(0.0555 434.836497)
(0.056 429.925683)
(0.0565 425.015132)
(0.057 420.104848)
(0.0575 415.194834)
(0.058 410.285094)
(0.0585 405.37563)
(0.059 400.466447)
(0.0595 395.557548)
(0.06 390.648938)
(0.0605 385.74062)
(0.061 380.832598)
(0.0615 375.924877)
(0.062 371.017461)
(0.0625 366.110354)
(0.063 361.203561)
(0.0635 356.297087)
(0.064 351.390935)
(0.0645 346.485112)
(0.065 341.579623)
(0.0655 336.674472)
(0.066 331.769664)
(0.0665 326.865207)
(0.067 321.961104)
(0.0675 317.057363)
(0.068 312.153989)
(0.0685 307.250988)
(0.069 302.348368)
(0.0695 297.446135)
(0.07 292.544295)
(0.0705 287.642856)
(0.071 282.741826)
(0.0715 277.841212)
(0.072 272.941022)
(0.0725 268.041264)
(0.073 263.141948)
(0.0735 258.243081)
(0.074 253.344674)
(0.0745 248.446736)
(0.075 243.549278)
(0.0755 238.652142)
(0.076 233.755688)
(0.0765 228.859745)
(0.077 223.964325)
(0.0775 219.06944)
(0.078 214.175104)
(0.0785 209.28133)
(0.079 204.388132)
(0.0795 199.495526)
(0.08 194.603527)
(0.0805 189.712151)
(0.081 184.821569)
(0.0815 179.931475)
(0.082 175.042062)
(0.0825 170.153351)
(0.083 165.265363)
(0.0835 160.378168)
(0.084 155.49169)
(0.0845 150.606009)
(0.085 145.721153)
(0.0855 140.837152)
(0.086 135.954038)
(0.0865 131.071845)
(0.087 126.190609)
(0.0875 121.31037)
(0.088 116.431086)
(0.0885 111.552992)
(0.089 106.676032)
(0.0895 101.800263)
(0.09 96.925745)
(0.0905 92.052547)
(0.091 87.180744)
(0.0915 82.310419)
(0.092 77.441707)
(0.0925 72.574616)
(0.093 67.709326)
(0.0935 62.845972)
(0.094 57.984713)
(0.0945 53.125706)
(0.095 48.269239)
(0.0955 43.415533)
(0.096 38.564914)
(0.0965 33.717804)
(0.097 28.874697)
(0.0975 24.036313)
(0.098 19.203684)
(0.0985 14.378284)
(0.099 9.562667)
(0.0995 4.762178)
(0.1 0)
(0.1005 0)
(0.101 0)
(0.1015 0)
(0.102 0)
(0.1025 0)
(0.103 0)
(0.1035 0)
(0.104 0)
(0.1045 0)
(0.105 0)
(0.1055 0)
(0.106 0)
(0.1065 0)
(0.107 0)
(0.1075 0)
(0.108 0)
(0.1085 0)
(0.109 0)
(0.1095 0)
(0.11 0)
(0.1105 0)
(0.111 0)
(0.1115 0)
(0.112 0)
(0.1125 0)
(0.113 0)
(0.1135 0)
(0.114 0)
(0.1145 0)
(0.115 0)
(0.1155 0)
(0.116 0)
(0.1165 0)
(0.117 0)
(0.1175 0)
(0.118 0)
(0.1185 0)
(0.119 0)
(0.1195 0)
(0.12 0)
(0.1205 0)
(0.121 0)
(0.1215 0)
(0.122 0)
(0.1225 0)
(0.123 0)
(0.1235 0)
(0.124 0)
(0.1245 0)
(0.125 0)
(0.1255 0)
(0.126 0)
(0.1265 0)
(0.127 0)
(0.1275 0)
(0.128 0)
(0.1285 0)
(0.129 0)
(0.1295 0)
(0.13 0)
(0.1305 0)
(0.131 0)
(0.1315 0)
(0.132 0)
(0.1325 0)
(0.133 0)
(0.1335 0)
(0.134 0)
(0.1345 0)
(0.135 0)
(0.1355 0)
(0.136 0)
(0.1365 0)
(0.137 0)
(0.1375 0)
(0.138 0)
(0.1385 0)
(0.139 0)
(0.1395 0)
(0.14 0)
(0.1405 0)
(0.141 0)
(0.1415 0)
(0.142 0)
(0.1425 0)
(0.143 0)
(0.1435 0)
(0.144 0)
(0.1445 0)
(0.145 0)
(0.1455 0)
(0.146 0)
(0.1465 0)
(0.147 0)
(0.1475 0)
(0.148 0)
(0.1485 0)
(0.149 0)
(0.1495 0)
(0.15 0)
(0.1505 0)
(0.151 0)
(0.1515 0)
(0.152 0)
(0.1525 0)
(0.153 0)
(0.1535 0)
(0.154 0)
(0.1545 0)
(0.155 0)
(0.1555 0)
(0.156 0)
(0.1565 0)
(0.157 0)
(0.1575 0)
(0.158 0)
(0.1585 0)
(0.159 0)
(0.1595 0)
(0.16 0)
(0.1605 0)
(0.161 0)
(0.1615 0)
(0.162 0)
(0.1625 0)
(0.163 0)
(0.1635 0)
(0.164 0)
(0.1645 0)
(0.165 0)
(0.1655 0)
(0.166 0)
(0.1665 0)
(0.167 0)
(0.1675 0)
(0.168 0)
(0.1685 0)
(0.169 0)
(0.1695 0)
(0.17 0)
(0.1705 0)
(0.171 0)
(0.1715 0)
(0.172 0)
(0.1725 0)
(0.173 0)
(0.1735 0)
(0.174 0)
(0.1745 0)
(0.175 0)
(0.1755 0)
(0.176 0)
(0.1765 0)
(0.177 0)
(0.1775 0)
(0.178 0)
(0.1785 0)
(0.179 0)
(0.1795 0)
(0.18 0)
(0.1805 0)
(0.181 0)
(0.1815 0)
(0.182 0)
(0.1825 0)
(0.183 0)
(0.1835 0)
(0.184 0)
(0.1845 0)
(0.185 0)
(0.1855 0)
(0.186 0)
(0.1865 0)
(0.187 0)
(0.1875 0)
(0.188 0)
(0.1885 0)
(0.189 0)
(0.1895 0)
(0.19 0)
(0.1905 0)
(0.191 0)
(0.1915 0)
(0.192 0)
(0.1925 0)
(0.193 0)
(0.1935 0)
(0.194 0)
(0.1945 0)
(0.195 0)
(0.1955 0)
(0.196 0)
(0.1965 0)
(0.197 0)
(0.1975 0)
(0.198 0)
(0.1985 0)
(0.199 0)
(0.1995 0)
(0.2 0)
)
