(
(0 0.606117)
(0.0005 0.606102)
(0.001 0.606088)
(0.0015 0.606073)
(0.002 0.606058)
(0.0025 0.606044)
(0.003 0.606029)
(0.0035 0.606014)
(0.004 0.605999)
(0.0045 0.605983)
(0.005 0.605968)
(0.0055 0.605953)
(0.006 0.605937)
(0.0065 0.605922)
(0.007 0.605906)
(0.0075 0.605891)
(0.008 0.605875)
(0.0085 0.605859)
(0.009 0.605843)
(0.0095 0.605827)
(0.01 0.605811)
(0.0105 0.605795)
(0.011 0.605778)
(0.0115 0.605762)
(0.012 0.605745)
(0.0125 0.605729)
(0.013 0.605712)
(0.0135 0.605695)
(0.014 0.605678)
(0.0145 0.605661)
(0.015 0.605644)
(0.0155 0.605626)
(0.016 0.605609)
(0.0165 0.605591)
(0.017 0.605574)
(0.0175 0.605556)
(0.018 0.605538)
(0.0185 0.60552)
(0.019 0.605502)
(0.0195 0.605484)
(0.02 0.605465)
(0.0205 0.605447)
(0.021 0.605428)
(0.0215 0.605409)
(0.022 0.60539)
(0.0225 0.605371)
(0.023 0.605352)
(0.0235 0.605333)
(0.024 0.605313)
(0.0245 0.605294)
(0.025 0.605274)
(0.0255 0.605254)
(0.026 0.605234)
(0.0265 0.605214)
(0.027 0.605194)
(0.0275 0.605173)
(0.028 0.605153)
(0.0285 0.605132)
(0.029 0.605111)
(0.0295 0.60509)
(0.03 0.605069)
(0.0305 0.605047)
(0.031 0.605026)
(0.0315 0.605004)
(0.032 0.604982)
(0.0325 0.60496)
(0.033 0.604938)
(0.0335 0.604915)
(0.034 0.604892)
(0.0345 0.60487)
(0.035 0.604847)
(0.0355 0.604823)
(0.036 0.6048)
(0.0365 0.604776)
(0.037 0.604752)
(0.0375 0.604728)
(0.038 0.604704)
(0.0385 0.60468)
(0.039 0.604655)
(0.0395 0.60463)
(0.04 0.604605)
(0.0405 0.60458)
(0.041 0.604554)
(0.0415 0.604528)
(0.042 0.604502)
(0.0425 0.604476)
(0.043 0.604449)
(0.0435 0.604423)
(0.044 0.604395)
(0.0445 0.604368)
(0.045 0.604341)
(0.0455 0.604313)
(0.046 0.604285)
(0.0465 0.604256)
(0.047 0.604227)
(0.0475 0.604198)
(0.048 0.604169)
(0.0485 0.604139)
(0.049 0.604109)
(0.0495 0.604079)
(0.05 0.604049)
(0.0505 0.604018)
(0.051 0.603986)
(0.0515 0.603955)
(0.052 0.603923)
(0.0525 0.60389)
(0.053 0.603858)
(0.0535 0.603825)
(0.054 0.603791)
(0.0545 0.603757)
(0.055 0.603723)
(0.0555 0.603688)
(0.056 0.603653)
(0.0565 0.603618)
(0.057 0.603582)
(0.0575 0.603545)
(0.058 0.603508)
(0.0585 0.603471)
(0.059 0.603433)
(0.0595 0.603395)
(0.06 0.603356)
(0.0605 0.603316)
(0.061 0.603277)
(0.0615 0.603236)
(0.062 0.603195)
(0.0625 0.603153)
(0.063 0.603111)
(0.0635 0.603068)
(0.064 0.603025)
(0.0645 0.60298)
(0.065 0.602935)
(0.0655 0.60289)
(0.066 0.602844)
(0.0665 0.602797)
(0.067 0.602749)
(0.0675 0.6027)
(0.068 0.602651)
(0.0685 0.602601)
(0.069 0.60255)
(0.0695 0.602498)
(0.07 0.602445)
(0.0705 0.602391)
(0.071 0.602336)
(0.0715 0.60228)
(0.072 0.602224)
(0.0725 0.602166)
(0.073 0.602107)
(0.0735 0.602046)
(0.074 0.601985)
(0.0745 0.601922)
(0.075 0.601858)
(0.0755 0.601792)
(0.076 0.601725)
(0.0765 0.601657)
(0.077 0.601587)
(0.0775 0.601515)
(0.078 0.601442)
(0.0785 0.601367)
(0.079 0.601289)
(0.0795 0.60121)
(0.08 0.601129)
(0.0805 0.601046)
(0.081 0.60096)
(0.0815 0.600872)
(0.082 0.600782)
(0.0825 0.600689)
(0.083 0.600592)
(0.0835 0.600493)
(0.084 0.600391)
(0.0845 0.600285)
(0.085 0.600175)
(0.0855 0.600062)
(0.086 0.599944)
(0.0865 0.599822)
(0.087 0.599695)
(0.0875 0.599563)
(0.088 0.599425)
(0.0885 0.599281)
(0.089 0.59913)
(0.0895 0.598972)
(0.09 0.598806)
(0.0905 0.598631)
(0.091 0.598446)
(0.0915 0.59825)
(0.092 0.598042)
(0.0925 0.59782)
(0.093 0.597582)
(0.0935 0.597326)
(0.094 0.597048)
(0.0945 0.596746)
(0.095 0.596414)
(0.0955 0.596046)
(0.096 0.595634)
(0.0965 0.595166)
(0.097 0.594625)
(0.0975 0.593984)
(0.098 0.593201)
(0.0985 0.592192)
(0.099 0.590781)
(0.0995 0.588414)
(0.1 0)
(0.1005 0)
(0.101 0)
(0.1015 0)
(0.102 0)
(0.1025 0)
(0.103 0)
(0.1035 0)
(0.104 0)
(0.1045 0)
(0.105 0)
(0.1055 0)
(0.106 0)
(0.1065 0)
(0.107 0)
(0.1075 0)
(0.108 0)
(0.1085 0)
(0.109 0)
(0.1095 0)
(0.11 0)
(0.1105 0)
(0.111 0)
(0.1115 0)
(0.112 0)
(0.1125 0)
(0.113 0)
(0.1135 0)
(0.114 0)
(0.1145 0)
(0.115 0)
(0.1155 0)
(0.116 0)
(0.1165 0)
(0.117 0)
(0.1175 0)
(0.118 0)
(0.1185 0)
(0.119 0)
(0.1195 0)
(0.12 0)
(0.1205 0)
(0.121 0)
(0.1215 0)
(0.122 0)
(0.1225 0)
(0.123 0)
(0.1235 0)
(0.124 0)
(0.1245 0)
(0.125 0)
(0.1255 0)
(0.126 0)
(0.1265 0)
(0.127 0)
(0.1275 0)
(0.128 0)
(0.1285 0)
(0.129 0)
(0.1295 0)
(0.13 0)
(0.1305 0)
(0.131 0)
(0.1315 0)
(0.132 0)
(0.1325 0)
(0.133 0)
(0.1335 0)
(0.134 0)
(0.1345 0)
(0.135 0)
(0.1355 0)
(0.136 0)
(0.1365 0)
(0.137 0)
(0.1375 0)
(0.138 0)
(0.1385 0)
(0.139 0)
(0.1395 0)
(0.14 0)
(0.1405 0)
(0.141 0)
(0.1415 0)
(0.142 0)
(0.1425 0)
(0.143 0)
(0.1435 0)
(0.144 0)
(0.1445 0)
(0.145 0)
(0.1455 0)
(0.146 0)
(0.1465 0)
(0.147 0)
(0.1475 0)
(0.148 0)
(0.1485 0)
(0.149 0)
(0.1495 0)
(0.15 0)
(0.1505 0)
(0.151 0)
(0.1515 0)
(0.152 0)
(0.1525 0)
(0.153 0)
(0.1535 0)
(0.154 0)
(0.1545 0)
(0.155 0)
(0.1555 0)
(0.156 0)
(0.1565 0)
(0.157 0)
(0.1575 0)
(0.158 0)
(0.1585 0)
(0.159 0)
(0.1595 0)
(0.16 0)
(0.1605 0)
(0.161 0)
(0.1615 0)
(0.162 0)
(0.1625 0)
(0.163 0)
(0.1635 0)
(0.164 0)
(0.1645 0)
(0.165 0)
(0.1655 0)
(0.166 0)
(0.1665 0)
(0.167 0)
(0.1675 0)
(0.168 0)
(0.1685 0)
(0.169 0)
(0.1695 0)
(0.17 0)
(0.1705 0)
(0.171 0)
(0.1715 0)
(0.172 0)
(0.1725 0)
(0.173 0)
(0.1735 0)
(0.174 0)
(0.1745 0)
(0.175 0)
(0.1755 0)
(0.176 0)
(0.1765 0)
(0.177 0)
(0.1775 0)
(0.178 0)
(0.1785 0)
(0.179 0)
(0.1795 0)
(0.18 0)
(0.1805 0)
(0.181 0)
(0.1815 0)
(0.182 0)
(0.1825 0)
(0.183 0)
(0.1835 0)
(0.184 0)
(0.1845 0)
(0.185 0)
(0.1855 0)
(0.186 0)
(0.1865 0)
(0.187 0)
(0.1875 0)
(0.188 0)
(0.1885 0)
(0.189 0)
(0.1895 0)
(0.19 0)
(0.1905 0)
(0.191 0)
(0.1915 0)
(0.192 0)
(0.1925 0)
(0.193 0)
(0.1935 0)
(0.194 0)
(0.1945 0)
(0.195 0)
(0.1955 0)
(0.196 0)
(0.1965 0)
(0.197 0)
(0.1975 0)
(0.198 0)
(0.1985 0)
(0.199 0)
(0.1995 0)
(0.2 0)
)
