(
(0 0.393883)
(0.0005 0.393898)
(0.001 0.393912)
(0.0015 0.393927)
(0.002 0.393942)
(0.0025 0.393956)
(0.003 0.393971)
(0.0035 0.393986)
(0.004 0.394001)
(0.0045 0.394017)
(0.005 0.394032)
(0.0055 0.394047)
(0.006 0.394063)
(0.0065 0.394078)
(0.007 0.394094)
(0.0075 0.394109)
(0.008 0.394125)
(0.0085 0.394141)
(0.009 0.394157)
(0.0095 0.394173)
(0.01 0.394189)
(0.0105 0.394205)
(0.011 0.394222)
(0.0115 0.394238)
(0.012 0.394255)
(0.0125 0.394271)
(0.013 0.394288)
(0.0135 0.394305)
(0.014 0.394322)
(0.0145 0.394339)
(0.015 0.394356)
(0.0155 0.394374)
(0.016 0.394391)
(0.0165 0.394409)
(0.017 0.394426)
(0.0175 0.394444)
(0.018 0.394462)
(0.0185 0.39448)
(0.019 0.394498)
(0.0195 0.394516)
(0.02 0.394535)
(0.0205 0.394553)
(0.021 0.394572)
(0.0215 0.394591)
(0.022 0.39461)
(0.0225 0.394629)
(0.023 0.394648)
(0.0235 0.394667)
(0.024 0.394687)
(0.0245 0.394706)
(0.025 0.394726)
(0.0255 0.394746)
(0.026 0.394766)
(0.0265 0.394786)
(0.027 0.394806)
(0.0275 0.394827)
(0.028 0.394847)
(0.0285 0.394868)
(0.029 0.394889)
(0.0295 0.39491)
(0.03 0.394931)
(0.0305 0.394953)
(0.031 0.394974)
(0.0315 0.394996)
(0.032 0.395018)
(0.0325 0.39504)
(0.033 0.395062)
(0.0335 0.395085)
(0.034 0.395108)
(0.0345 0.39513)
(0.035 0.395153)
(0.0355 0.395177)
(0.036 0.3952)
(0.0365 0.395224)
(0.037 0.395248)
(0.0375 0.395272)
(0.038 0.395296)
(0.0385 0.39532)
(0.039 0.395345)
(0.0395 0.39537)
(0.04 0.395395)
(0.0405 0.39542)
(0.041 0.395446)
(0.0415 0.395472)
(0.042 0.395498)
(0.0425 0.395524)
(0.043 0.395551)
(0.0435 0.395577)
(0.044 0.395605)
(0.0445 0.395632)
(0.045 0.395659)
(0.0455 0.395687)
(0.046 0.395715)
(0.0465 0.395744)
(0.047 0.395773)
(0.0475 0.395802)
(0.048 0.395831)
(0.0485 0.395861)
(0.049 0.395891)
(0.0495 0.395921)
(0.05 0.395951)
(0.0505 0.395982)
(0.051 0.396014)
(0.0515 0.396045)
(0.052 0.396077)
(0.0525 0.39611)
(0.053 0.396142)
(0.0535 0.396175)
(0.054 0.396209)
(0.0545 0.396243)
(0.055 0.396277)
(0.0555 0.396312)
(0.056 0.396347)
(0.0565 0.396382)
(0.057 0.396418)
(0.0575 0.396455)
(0.058 0.396492)
(0.0585 0.396529)
(0.059 0.396567)
(0.0595 0.396605)
(0.06 0.396644)
(0.0605 0.396684)
(0.061 0.396723)
(0.0615 0.396764)
(0.062 0.396805)
(0.0625 0.396847)
(0.063 0.396889)
(0.0635 0.396932)
(0.064 0.396975)
(0.0645 0.39702)
(0.065 0.397065)
(0.0655 0.39711)
(0.066 0.397156)
(0.0665 0.397203)
(0.067 0.397251)
(0.0675 0.3973)
(0.068 0.397349)
(0.0685 0.397399)
(0.069 0.39745)
(0.0695 0.397502)
(0.07 0.397555)
(0.0705 0.397609)
(0.071 0.397664)
(0.0715 0.39772)
(0.072 0.397776)
(0.0725 0.397834)
(0.073 0.397893)
(0.0735 0.397954)
(0.074 0.398015)
(0.0745 0.398078)
(0.075 0.398142)
(0.0755 0.398208)
(0.076 0.398275)
(0.0765 0.398343)
(0.077 0.398413)
(0.0775 0.398485)
(0.078 0.398558)
(0.0785 0.398633)
(0.079 0.398711)
(0.0795 0.39879)
(0.08 0.398871)
(0.0805 0.398954)
(0.081 0.39904)
(0.0815 0.399128)
(0.082 0.399218)
(0.0825 0.399311)
(0.083 0.399408)
(0.0835 0.399507)
(0.084 0.399609)
(0.0845 0.399715)
(0.085 0.399825)
(0.0855 0.399938)
(0.086 0.400056)
(0.0865 0.400178)
(0.087 0.400305)
(0.0875 0.400437)
(0.088 0.400575)
(0.0885 0.400719)
(0.089 0.40087)
(0.0895 0.401028)
(0.09 0.401194)
(0.0905 0.401369)
(0.091 0.401554)
(0.0915 0.40175)
(0.092 0.401958)
(0.0925 0.40218)
(0.093 0.402418)
(0.0935 0.402674)
(0.094 0.402952)
(0.0945 0.403254)
(0.095 0.403586)
(0.0955 0.403954)
(0.096 0.404366)
(0.0965 0.404834)
(0.097 0.405375)
(0.0975 0.406016)
(0.098 0.406799)
(0.0985 0.407808)
(0.099 0.409219)
(0.0995 0.411586)
(0.1 1)
(0.1005 1)
(0.101 1)
(0.1015 1)
(0.102 1)
(0.1025 1)
(0.103 1)
(0.1035 1)
(0.104 1)
(0.1045 1)
(0.105 1)
(0.1055 1)
(0.106 1)
(0.1065 1)
(0.107 1)
(0.1075 1)
(0.108 1)
(0.1085 1)
(0.109 1)
(0.1095 1)
(0.11 1)
(0.1105 1)
(0.111 1)
(0.1115 1)
(0.112 1)
(0.1125 1)
(0.113 1)
(0.1135 1)
(0.114 1)
(0.1145 1)
(0.115 1)
(0.1155 1)
(0.116 1)
(0.1165 1)
(0.117 1)
(0.1175 1)
(0.118 1)
(0.1185 1)
(0.119 1)
(0.1195 1)
(0.12 1)
(0.1205 1)
(0.121 1)
(0.1215 1)
(0.122 1)
(0.1225 1)
(0.123 1)
(0.1235 1)
(0.124 1)
(0.1245 1)
(0.125 1)
(0.1255 1)
(0.126 1)
(0.1265 1)
(0.127 1)
(0.1275 1)
(0.128 1)
(0.1285 1)
(0.129 1)
(0.1295 1)
(0.13 1)
(0.1305 1)
(0.131 1)
(0.1315 1)
(0.132 1)
(0.1325 1)
(0.133 1)
(0.1335 1)
(0.134 1)
(0.1345 1)
(0.135 1)
(0.1355 1)
(0.136 1)
(0.1365 1)
(0.137 1)
(0.1375 1)
(0.138 1)
(0.1385 1)
(0.139 1)
(0.1395 1)
(0.14 1)
(0.1405 1)
(0.141 1)
(0.1415 1)
(0.142 1)
(0.1425 1)
(0.143 1)
(0.1435 1)
(0.144 1)
(0.1445 1)
(0.145 1)
(0.1455 1)
(0.146 1)
(0.1465 1)
(0.147 1)
(0.1475 1)
(0.148 1)
(0.1485 1)
(0.149 1)
(0.1495 1)
(0.15 1)
(0.1505 1)
(0.151 1)
(0.1515 1)
(0.152 1)
(0.1525 1)
(0.153 1)
(0.1535 1)
(0.154 1)
(0.1545 1)
(0.155 1)
(0.1555 1)
(0.156 1)
(0.1565 1)
(0.157 1)
(0.1575 1)
(0.158 1)
(0.1585 1)
(0.159 1)
(0.1595 1)
(0.16 1)
(0.1605 1)
(0.161 1)
(0.1615 1)
(0.162 1)
(0.1625 1)
(0.163 1)
(0.1635 1)
(0.164 1)
(0.1645 1)
(0.165 1)
(0.1655 1)
(0.166 1)
(0.1665 1)
(0.167 1)
(0.1675 1)
(0.168 1)
(0.1685 1)
(0.169 1)
(0.1695 1)
(0.17 1)
(0.1705 1)
(0.171 1)
(0.1715 1)
(0.172 1)
(0.1725 1)
(0.173 1)
(0.1735 1)
(0.174 1)
(0.1745 1)
(0.175 1)
(0.1755 1)
(0.176 1)
(0.1765 1)
(0.177 1)
(0.1775 1)
(0.178 1)
(0.1785 1)
(0.179 1)
(0.1795 1)
(0.18 1)
(0.1805 1)
(0.181 1)
(0.1815 1)
(0.182 1)
(0.1825 1)
(0.183 1)
(0.1835 1)
(0.184 1)
(0.1845 1)
(0.185 1)
(0.1855 1)
(0.186 1)
(0.1865 1)
(0.187 1)
(0.1875 1)
(0.188 1)
(0.1885 1)
(0.189 1)
(0.1895 1)
(0.19 1)
(0.1905 1)
(0.191 1)
(0.1915 1)
(0.192 1)
(0.1925 1)
(0.193 1)
(0.1935 1)
(0.194 1)
(0.1945 1)
(0.195 1)
(0.1955 1)
(0.196 1)
(0.1965 1)
(0.197 1)
(0.1975 1)
(0.198 1)
(0.1985 1)
(0.199 1)
(0.1995 1)
(0.2 1)
)
