/*--------------------------------*- C++ -*----------------------------------*\
| =========                 |                                                 |
| \\      /  F ield         | OpenFOAM: The Open Source CFD Toolbox           |
|  \\    /   O peration     | Version:  4.0                                   |
|   \\  /    A nd           | Web:      www.OpenFOAM.org                      |
|    \\/     M anipulation  |                                                 |
\*---------------------------------------------------------------------------*/
FoamFile
{
    version     2.0;
    format      ascii;
    class       vectorField;
    location    "constant/polyMesh";
    object      points;
}
// * * * * * * * * * * * * * * * * * * * * * * * * * * * * * * * * * * * * * //


1604
(
(-0.000425 0 0.000425)
(0.000425 0 0.000425)
(-0.000425 0 -0.000425)
(0.000425 0 -0.000425)
(-0.000425 0.000425 0.000425)
(0.000425 0.000425 0.000425)
(-0.000425 0.000425 -0.000425)
(0.000425 0.000425 -0.000425)
(-0.000425 0.00085 0.000425)
(0.000425 0.00085 0.000425)
(-0.000425 0.00085 -0.000425)
(0.000425 0.00085 -0.000425)
(-0.000425 0.001275 0.000425)
(0.000425 0.001275 0.000425)
(-0.000425 0.001275 -0.000425)
(0.000425 0.001275 -0.000425)
(-0.000425 0.0017 0.000425)
(0.000425 0.0017 0.000425)
(-0.000425 0.0017 -0.000425)
(0.000425 0.0017 -0.000425)
(-0.000425 0.002125 0.000425)
(0.000425 0.002125 0.000425)
(-0.000425 0.002125 -0.000425)
(0.000425 0.002125 -0.000425)
(-0.000425 0.00255 0.000425)
(0.000425 0.00255 0.000425)
(-0.000425 0.00255 -0.000425)
(0.000425 0.00255 -0.000425)
(-0.000425 0.002975 0.000425)
(0.000425 0.002975 0.000425)
(-0.000425 0.002975 -0.000425)
(0.000425 0.002975 -0.000425)
(-0.000425 0.0034 0.000425)
(0.000425 0.0034 0.000425)
(-0.000425 0.0034 -0.000425)
(0.000425 0.0034 -0.000425)
(-0.000425 0.003825 0.000425)
(0.000425 0.003825 0.000425)
(-0.000425 0.003825 -0.000425)
(0.000425 0.003825 -0.000425)
(-0.000425 0.00425 0.000425)
(0.000425 0.00425 0.000425)
(-0.000425 0.00425 -0.000425)
(0.000425 0.00425 -0.000425)
(-0.000425 0.004675 0.000425)
(0.000425 0.004675 0.000425)
(-0.000425 0.004675 -0.000425)
(0.000425 0.004675 -0.000425)
(-0.000425 0.0051 0.000425)
(0.000425 0.0051 0.000425)
(-0.000425 0.0051 -0.000425)
(0.000425 0.0051 -0.000425)
(-0.000425 0.005525 0.000425)
(0.000425 0.005525 0.000425)
(-0.000425 0.005525 -0.000425)
(0.000425 0.005525 -0.000425)
(-0.000425 0.00595 0.000425)
(0.000425 0.00595 0.000425)
(-0.000425 0.00595 -0.000425)
(0.000425 0.00595 -0.000425)
(-0.000425 0.006375 0.000425)
(0.000425 0.006375 0.000425)
(-0.000425 0.006375 -0.000425)
(0.000425 0.006375 -0.000425)
(-0.000425 0.0068 0.000425)
(0.000425 0.0068 0.000425)
(-0.000425 0.0068 -0.000425)
(0.000425 0.0068 -0.000425)
(-0.000425 0.007225 0.000425)
(0.000425 0.007225 0.000425)
(-0.000425 0.007225 -0.000425)
(0.000425 0.007225 -0.000425)
(-0.000425 0.00765 0.000425)
(0.000425 0.00765 0.000425)
(-0.000425 0.00765 -0.000425)
(0.000425 0.00765 -0.000425)
(-0.000425 0.008075 0.000425)
(0.000425 0.008075 0.000425)
(-0.000425 0.008075 -0.000425)
(0.000425 0.008075 -0.000425)
(-0.000425 0.0085 0.000425)
(0.000425 0.0085 0.000425)
(-0.000425 0.0085 -0.000425)
(0.000425 0.0085 -0.000425)
(-0.000425 0.008925 0.000425)
(0.000425 0.008925 0.000425)
(-0.000425 0.008925 -0.000425)
(0.000425 0.008925 -0.000425)
(-0.000425 0.00935 0.000425)
(0.000425 0.00935 0.000425)
(-0.000425 0.00935 -0.000425)
(0.000425 0.00935 -0.000425)
(-0.000425 0.009775 0.000425)
(0.000425 0.009775 0.000425)
(-0.000425 0.009775 -0.000425)
(0.000425 0.009775 -0.000425)
(-0.000425 0.0102 0.000425)
(0.000425 0.0102 0.000425)
(-0.000425 0.0102 -0.000425)
(0.000425 0.0102 -0.000425)
(-0.000425 0.010625 0.000425)
(0.000425 0.010625 0.000425)
(-0.000425 0.010625 -0.000425)
(0.000425 0.010625 -0.000425)
(-0.000425 0.01105 0.000425)
(0.000425 0.01105 0.000425)
(-0.000425 0.01105 -0.000425)
(0.000425 0.01105 -0.000425)
(-0.000425 0.011475 0.000425)
(0.000425 0.011475 0.000425)
(-0.000425 0.011475 -0.000425)
(0.000425 0.011475 -0.000425)
(-0.000425 0.0119 0.000425)
(0.000425 0.0119 0.000425)
(-0.000425 0.0119 -0.000425)
(0.000425 0.0119 -0.000425)
(-0.000425 0.012325 0.000425)
(0.000425 0.012325 0.000425)
(-0.000425 0.012325 -0.000425)
(0.000425 0.012325 -0.000425)
(-0.000425 0.01275 0.000425)
(0.000425 0.01275 0.000425)
(-0.000425 0.01275 -0.000425)
(0.000425 0.01275 -0.000425)
(-0.000425 0.013175 0.000425)
(0.000425 0.013175 0.000425)
(-0.000425 0.013175 -0.000425)
(0.000425 0.013175 -0.000425)
(-0.000425 0.0136 0.000425)
(0.000425 0.0136 0.000425)
(-0.000425 0.0136 -0.000425)
(0.000425 0.0136 -0.000425)
(-0.000425 0.014025 0.000425)
(0.000425 0.014025 0.000425)
(-0.000425 0.014025 -0.000425)
(0.000425 0.014025 -0.000425)
(-0.000425 0.01445 0.000425)
(0.000425 0.01445 0.000425)
(-0.000425 0.01445 -0.000425)
(0.000425 0.01445 -0.000425)
(-0.000425 0.014875 0.000425)
(0.000425 0.014875 0.000425)
(-0.000425 0.014875 -0.000425)
(0.000425 0.014875 -0.000425)
(-0.000425 0.0153 0.000425)
(0.000425 0.0153 0.000425)
(-0.000425 0.0153 -0.000425)
(0.000425 0.0153 -0.000425)
(-0.000425 0.015725 0.000425)
(0.000425 0.015725 0.000425)
(-0.000425 0.015725 -0.000425)
(0.000425 0.015725 -0.000425)
(-0.000425 0.01615 0.000425)
(0.000425 0.01615 0.000425)
(-0.000425 0.01615 -0.000425)
(0.000425 0.01615 -0.000425)
(-0.000425 0.016575 0.000425)
(0.000425 0.016575 0.000425)
(-0.000425 0.016575 -0.000425)
(0.000425 0.016575 -0.000425)
(-0.000425 0.017 0.000425)
(0.000425 0.017 0.000425)
(-0.000425 0.017 -0.000425)
(0.000425 0.017 -0.000425)
(-0.000425 0.017425 0.000425)
(0.000425 0.017425 0.000425)
(-0.000425 0.017425 -0.000425)
(0.000425 0.017425 -0.000425)
(-0.000425 0.01785 0.000425)
(0.000425 0.01785 0.000425)
(-0.000425 0.01785 -0.000425)
(0.000425 0.01785 -0.000425)
(-0.000425 0.018275 0.000425)
(0.000425 0.018275 0.000425)
(-0.000425 0.018275 -0.000425)
(0.000425 0.018275 -0.000425)
(-0.000425 0.0187 0.000425)
(0.000425 0.0187 0.000425)
(-0.000425 0.0187 -0.000425)
(0.000425 0.0187 -0.000425)
(-0.000425 0.019125 0.000425)
(0.000425 0.019125 0.000425)
(-0.000425 0.019125 -0.000425)
(0.000425 0.019125 -0.000425)
(-0.000425 0.01955 0.000425)
(0.000425 0.01955 0.000425)
(-0.000425 0.01955 -0.000425)
(0.000425 0.01955 -0.000425)
(-0.000425 0.019975 0.000425)
(0.000425 0.019975 0.000425)
(-0.000425 0.019975 -0.000425)
(0.000425 0.019975 -0.000425)
(-0.000425 0.0204 0.000425)
(0.000425 0.0204 0.000425)
(-0.000425 0.0204 -0.000425)
(0.000425 0.0204 -0.000425)
(-0.000425 0.020825 0.000425)
(0.000425 0.020825 0.000425)
(-0.000425 0.020825 -0.000425)
(0.000425 0.020825 -0.000425)
(-0.000425 0.02125 0.000425)
(0.000425 0.02125 0.000425)
(-0.000425 0.02125 -0.000425)
(0.000425 0.02125 -0.000425)
(-0.000425 0.021675 0.000425)
(0.000425 0.021675 0.000425)
(-0.000425 0.021675 -0.000425)
(0.000425 0.021675 -0.000425)
(-0.000425 0.0221 0.000425)
(0.000425 0.0221 0.000425)
(-0.000425 0.0221 -0.000425)
(0.000425 0.0221 -0.000425)
(-0.000425 0.022525 0.000425)
(0.000425 0.022525 0.000425)
(-0.000425 0.022525 -0.000425)
(0.000425 0.022525 -0.000425)
(-0.000425 0.02295 0.000425)
(0.000425 0.02295 0.000425)
(-0.000425 0.02295 -0.000425)
(0.000425 0.02295 -0.000425)
(-0.000425 0.023375 0.000425)
(0.000425 0.023375 0.000425)
(-0.000425 0.023375 -0.000425)
(0.000425 0.023375 -0.000425)
(-0.000425 0.0238 0.000425)
(0.000425 0.0238 0.000425)
(-0.000425 0.0238 -0.000425)
(0.000425 0.0238 -0.000425)
(-0.000425 0.024225 0.000425)
(0.000425 0.024225 0.000425)
(-0.000425 0.024225 -0.000425)
(0.000425 0.024225 -0.000425)
(-0.000425 0.02465 0.000425)
(0.000425 0.02465 0.000425)
(-0.000425 0.02465 -0.000425)
(0.000425 0.02465 -0.000425)
(-0.000425 0.025075 0.000425)
(0.000425 0.025075 0.000425)
(-0.000425 0.025075 -0.000425)
(0.000425 0.025075 -0.000425)
(-0.000425 0.0255 0.000425)
(0.000425 0.0255 0.000425)
(-0.000425 0.0255 -0.000425)
(0.000425 0.0255 -0.000425)
(-0.000425 0.025925 0.000425)
(0.000425 0.025925 0.000425)
(-0.000425 0.025925 -0.000425)
(0.000425 0.025925 -0.000425)
(-0.000425 0.02635 0.000425)
(0.000425 0.02635 0.000425)
(-0.000425 0.02635 -0.000425)
(0.000425 0.02635 -0.000425)
(-0.000425 0.026775 0.000425)
(0.000425 0.026775 0.000425)
(-0.000425 0.026775 -0.000425)
(0.000425 0.026775 -0.000425)
(-0.000425 0.0272 0.000425)
(0.000425 0.0272 0.000425)
(-0.000425 0.0272 -0.000425)
(0.000425 0.0272 -0.000425)
(-0.000425 0.027625 0.000425)
(0.000425 0.027625 0.000425)
(-0.000425 0.027625 -0.000425)
(0.000425 0.027625 -0.000425)
(-0.000425 0.02805 0.000425)
(0.000425 0.02805 0.000425)
(-0.000425 0.02805 -0.000425)
(0.000425 0.02805 -0.000425)
(-0.000425 0.028475 0.000425)
(0.000425 0.028475 0.000425)
(-0.000425 0.028475 -0.000425)
(0.000425 0.028475 -0.000425)
(-0.000425 0.0289 0.000425)
(0.000425 0.0289 0.000425)
(-0.000425 0.0289 -0.000425)
(0.000425 0.0289 -0.000425)
(-0.000425 0.029325 0.000425)
(0.000425 0.029325 0.000425)
(-0.000425 0.029325 -0.000425)
(0.000425 0.029325 -0.000425)
(-0.000425 0.02975 0.000425)
(0.000425 0.02975 0.000425)
(-0.000425 0.02975 -0.000425)
(0.000425 0.02975 -0.000425)
(-0.000425 0.030175 0.000425)
(0.000425 0.030175 0.000425)
(-0.000425 0.030175 -0.000425)
(0.000425 0.030175 -0.000425)
(-0.000425 0.0306 0.000425)
(0.000425 0.0306 0.000425)
(-0.000425 0.0306 -0.000425)
(0.000425 0.0306 -0.000425)
(-0.000425 0.031025 0.000425)
(0.000425 0.031025 0.000425)
(-0.000425 0.031025 -0.000425)
(0.000425 0.031025 -0.000425)
(-0.000425 0.03145 0.000425)
(0.000425 0.03145 0.000425)
(-0.000425 0.03145 -0.000425)
(0.000425 0.03145 -0.000425)
(-0.000425 0.031875 0.000425)
(0.000425 0.031875 0.000425)
(-0.000425 0.031875 -0.000425)
(0.000425 0.031875 -0.000425)
(-0.000425 0.0323 0.000425)
(0.000425 0.0323 0.000425)
(-0.000425 0.0323 -0.000425)
(0.000425 0.0323 -0.000425)
(-0.000425 0.032725 0.000425)
(0.000425 0.032725 0.000425)
(-0.000425 0.032725 -0.000425)
(0.000425 0.032725 -0.000425)
(-0.000425 0.03315 0.000425)
(0.000425 0.03315 0.000425)
(-0.000425 0.03315 -0.000425)
(0.000425 0.03315 -0.000425)
(-0.000425 0.033575 0.000425)
(0.000425 0.033575 0.000425)
(-0.000425 0.033575 -0.000425)
(0.000425 0.033575 -0.000425)
(-0.000425 0.034 0.000425)
(0.000425 0.034 0.000425)
(-0.000425 0.034 -0.000425)
(0.000425 0.034 -0.000425)
(-0.000425 0.034425 0.000425)
(0.000425 0.034425 0.000425)
(-0.000425 0.034425 -0.000425)
(0.000425 0.034425 -0.000425)
(-0.000425 0.03485 0.000425)
(0.000425 0.03485 0.000425)
(-0.000425 0.03485 -0.000425)
(0.000425 0.03485 -0.000425)
(-0.000425 0.035275 0.000425)
(0.000425 0.035275 0.000425)
(-0.000425 0.035275 -0.000425)
(0.000425 0.035275 -0.000425)
(-0.000425 0.0357 0.000425)
(0.000425 0.0357 0.000425)
(-0.000425 0.0357 -0.000425)
(0.000425 0.0357 -0.000425)
(-0.000425 0.036125 0.000425)
(0.000425 0.036125 0.000425)
(-0.000425 0.036125 -0.000425)
(0.000425 0.036125 -0.000425)
(-0.000425 0.03655 0.000425)
(0.000425 0.03655 0.000425)
(-0.000425 0.03655 -0.000425)
(0.000425 0.03655 -0.000425)
(-0.000425 0.036975 0.000425)
(0.000425 0.036975 0.000425)
(-0.000425 0.036975 -0.000425)
(0.000425 0.036975 -0.000425)
(-0.000425 0.0374 0.000425)
(0.000425 0.0374 0.000425)
(-0.000425 0.0374 -0.000425)
(0.000425 0.0374 -0.000425)
(-0.000425 0.037825 0.000425)
(0.000425 0.037825 0.000425)
(-0.000425 0.037825 -0.000425)
(0.000425 0.037825 -0.000425)
(-0.000425 0.03825 0.000425)
(0.000425 0.03825 0.000425)
(-0.000425 0.03825 -0.000425)
(0.000425 0.03825 -0.000425)
(-0.000425 0.038675 0.000425)
(0.000425 0.038675 0.000425)
(-0.000425 0.038675 -0.000425)
(0.000425 0.038675 -0.000425)
(-0.000425 0.0391 0.000425)
(0.000425 0.0391 0.000425)
(-0.000425 0.0391 -0.000425)
(0.000425 0.0391 -0.000425)
(-0.000425 0.039525 0.000425)
(0.000425 0.039525 0.000425)
(-0.000425 0.039525 -0.000425)
(0.000425 0.039525 -0.000425)
(-0.000425 0.03995 0.000425)
(0.000425 0.03995 0.000425)
(-0.000425 0.03995 -0.000425)
(0.000425 0.03995 -0.000425)
(-0.000425 0.040375 0.000425)
(0.000425 0.040375 0.000425)
(-0.000425 0.040375 -0.000425)
(0.000425 0.040375 -0.000425)
(-0.000425 0.0408 0.000425)
(0.000425 0.0408 0.000425)
(-0.000425 0.0408 -0.000425)
(0.000425 0.0408 -0.000425)
(-0.000425 0.041225 0.000425)
(0.000425 0.041225 0.000425)
(-0.000425 0.041225 -0.000425)
(0.000425 0.041225 -0.000425)
(-0.000425 0.04165 0.000425)
(0.000425 0.04165 0.000425)
(-0.000425 0.04165 -0.000425)
(0.000425 0.04165 -0.000425)
(-0.000425 0.042075 0.000425)
(0.000425 0.042075 0.000425)
(-0.000425 0.042075 -0.000425)
(0.000425 0.042075 -0.000425)
(-0.000425 0.0425 0.000425)
(0.000425 0.0425 0.000425)
(-0.000425 0.0425 -0.000425)
(0.000425 0.0425 -0.000425)
(-0.000425 0.042925 0.000425)
(0.000425 0.042925 0.000425)
(-0.000425 0.042925 -0.000425)
(0.000425 0.042925 -0.000425)
(-0.000425 0.04335 0.000425)
(0.000425 0.04335 0.000425)
(-0.000425 0.04335 -0.000425)
(0.000425 0.04335 -0.000425)
(-0.000425 0.043775 0.000425)
(0.000425 0.043775 0.000425)
(-0.000425 0.043775 -0.000425)
(0.000425 0.043775 -0.000425)
(-0.000425 0.0442 0.000425)
(0.000425 0.0442 0.000425)
(-0.000425 0.0442 -0.000425)
(0.000425 0.0442 -0.000425)
(-0.000425 0.044625 0.000425)
(0.000425 0.044625 0.000425)
(-0.000425 0.044625 -0.000425)
(0.000425 0.044625 -0.000425)
(-0.000425 0.04505 0.000425)
(0.000425 0.04505 0.000425)
(-0.000425 0.04505 -0.000425)
(0.000425 0.04505 -0.000425)
(-0.000425 0.045475 0.000425)
(0.000425 0.045475 0.000425)
(-0.000425 0.045475 -0.000425)
(0.000425 0.045475 -0.000425)
(-0.000425 0.0459 0.000425)
(0.000425 0.0459 0.000425)
(-0.000425 0.0459 -0.000425)
(0.000425 0.0459 -0.000425)
(-0.000425 0.046325 0.000425)
(0.000425 0.046325 0.000425)
(-0.000425 0.046325 -0.000425)
(0.000425 0.046325 -0.000425)
(-0.000425 0.04675 0.000425)
(0.000425 0.04675 0.000425)
(-0.000425 0.04675 -0.000425)
(0.000425 0.04675 -0.000425)
(-0.000425 0.047175 0.000425)
(0.000425 0.047175 0.000425)
(-0.000425 0.047175 -0.000425)
(0.000425 0.047175 -0.000425)
(-0.000425 0.0476 0.000425)
(0.000425 0.0476 0.000425)
(-0.000425 0.0476 -0.000425)
(0.000425 0.0476 -0.000425)
(-0.000425 0.048025 0.000425)
(0.000425 0.048025 0.000425)
(-0.000425 0.048025 -0.000425)
(0.000425 0.048025 -0.000425)
(-0.000425 0.04845 0.000425)
(0.000425 0.04845 0.000425)
(-0.000425 0.04845 -0.000425)
(0.000425 0.04845 -0.000425)
(-0.000425 0.048875 0.000425)
(0.000425 0.048875 0.000425)
(-0.000425 0.048875 -0.000425)
(0.000425 0.048875 -0.000425)
(-0.000425 0.0493 0.000425)
(0.000425 0.0493 0.000425)
(-0.000425 0.0493 -0.000425)
(0.000425 0.0493 -0.000425)
(-0.000425 0.049725 0.000425)
(0.000425 0.049725 0.000425)
(-0.000425 0.049725 -0.000425)
(0.000425 0.049725 -0.000425)
(-0.000425 0.05015 0.000425)
(0.000425 0.05015 0.000425)
(-0.000425 0.05015 -0.000425)
(0.000425 0.05015 -0.000425)
(-0.000425 0.050575 0.000425)
(0.000425 0.050575 0.000425)
(-0.000425 0.050575 -0.000425)
(0.000425 0.050575 -0.000425)
(-0.000425 0.051 0.000425)
(0.000425 0.051 0.000425)
(-0.000425 0.051 -0.000425)
(0.000425 0.051 -0.000425)
(-0.000425 0.051425 0.000425)
(0.000425 0.051425 0.000425)
(-0.000425 0.051425 -0.000425)
(0.000425 0.051425 -0.000425)
(-0.000425 0.05185 0.000425)
(0.000425 0.05185 0.000425)
(-0.000425 0.05185 -0.000425)
(0.000425 0.05185 -0.000425)
(-0.000425 0.052275 0.000425)
(0.000425 0.052275 0.000425)
(-0.000425 0.052275 -0.000425)
(0.000425 0.052275 -0.000425)
(-0.000425 0.0527 0.000425)
(0.000425 0.0527 0.000425)
(-0.000425 0.0527 -0.000425)
(0.000425 0.0527 -0.000425)
(-0.000425 0.053125 0.000425)
(0.000425 0.053125 0.000425)
(-0.000425 0.053125 -0.000425)
(0.000425 0.053125 -0.000425)
(-0.000425 0.05355 0.000425)
(0.000425 0.05355 0.000425)
(-0.000425 0.05355 -0.000425)
(0.000425 0.05355 -0.000425)
(-0.000425 0.053975 0.000425)
(0.000425 0.053975 0.000425)
(-0.000425 0.053975 -0.000425)
(0.000425 0.053975 -0.000425)
(-0.000425 0.0544 0.000425)
(0.000425 0.0544 0.000425)
(-0.000425 0.0544 -0.000425)
(0.000425 0.0544 -0.000425)
(-0.000425 0.054825 0.000425)
(0.000425 0.054825 0.000425)
(-0.000425 0.054825 -0.000425)
(0.000425 0.054825 -0.000425)
(-0.000425 0.05525 0.000425)
(0.000425 0.05525 0.000425)
(-0.000425 0.05525 -0.000425)
(0.000425 0.05525 -0.000425)
(-0.000425 0.055675 0.000425)
(0.000425 0.055675 0.000425)
(-0.000425 0.055675 -0.000425)
(0.000425 0.055675 -0.000425)
(-0.000425 0.0561 0.000425)
(0.000425 0.0561 0.000425)
(-0.000425 0.0561 -0.000425)
(0.000425 0.0561 -0.000425)
(-0.000425 0.056525 0.000425)
(0.000425 0.056525 0.000425)
(-0.000425 0.056525 -0.000425)
(0.000425 0.056525 -0.000425)
(-0.000425 0.05695 0.000425)
(0.000425 0.05695 0.000425)
(-0.000425 0.05695 -0.000425)
(0.000425 0.05695 -0.000425)
(-0.000425 0.057375 0.000425)
(0.000425 0.057375 0.000425)
(-0.000425 0.057375 -0.000425)
(0.000425 0.057375 -0.000425)
(-0.000425 0.0578 0.000425)
(0.000425 0.0578 0.000425)
(-0.000425 0.0578 -0.000425)
(0.000425 0.0578 -0.000425)
(-0.000425 0.058225 0.000425)
(0.000425 0.058225 0.000425)
(-0.000425 0.058225 -0.000425)
(0.000425 0.058225 -0.000425)
(-0.000425 0.05865 0.000425)
(0.000425 0.05865 0.000425)
(-0.000425 0.05865 -0.000425)
(0.000425 0.05865 -0.000425)
(-0.000425 0.059075 0.000425)
(0.000425 0.059075 0.000425)
(-0.000425 0.059075 -0.000425)
(0.000425 0.059075 -0.000425)
(-0.000425 0.0595 0.000425)
(0.000425 0.0595 0.000425)
(-0.000425 0.0595 -0.000425)
(0.000425 0.0595 -0.000425)
(-0.000425 0.059925 0.000425)
(0.000425 0.059925 0.000425)
(-0.000425 0.059925 -0.000425)
(0.000425 0.059925 -0.000425)
(-0.000425 0.06035 0.000425)
(0.000425 0.06035 0.000425)
(-0.000425 0.06035 -0.000425)
(0.000425 0.06035 -0.000425)
(-0.000425 0.060775 0.000425)
(0.000425 0.060775 0.000425)
(-0.000425 0.060775 -0.000425)
(0.000425 0.060775 -0.000425)
(-0.000425 0.0612 0.000425)
(0.000425 0.0612 0.000425)
(-0.000425 0.0612 -0.000425)
(0.000425 0.0612 -0.000425)
(-0.000425 0.061625 0.000425)
(0.000425 0.061625 0.000425)
(-0.000425 0.061625 -0.000425)
(0.000425 0.061625 -0.000425)
(-0.000425 0.06205 0.000425)
(0.000425 0.06205 0.000425)
(-0.000425 0.06205 -0.000425)
(0.000425 0.06205 -0.000425)
(-0.000425 0.062475 0.000425)
(0.000425 0.062475 0.000425)
(-0.000425 0.062475 -0.000425)
(0.000425 0.062475 -0.000425)
(-0.000425 0.0629 0.000425)
(0.000425 0.0629 0.000425)
(-0.000425 0.0629 -0.000425)
(0.000425 0.0629 -0.000425)
(-0.000425 0.063325 0.000425)
(0.000425 0.063325 0.000425)
(-0.000425 0.063325 -0.000425)
(0.000425 0.063325 -0.000425)
(-0.000425 0.06375 0.000425)
(0.000425 0.06375 0.000425)
(-0.000425 0.06375 -0.000425)
(0.000425 0.06375 -0.000425)
(-0.000425 0.064175 0.000425)
(0.000425 0.064175 0.000425)
(-0.000425 0.064175 -0.000425)
(0.000425 0.064175 -0.000425)
(-0.000425 0.0646 0.000425)
(0.000425 0.0646 0.000425)
(-0.000425 0.0646 -0.000425)
(0.000425 0.0646 -0.000425)
(-0.000425 0.065025 0.000425)
(0.000425 0.065025 0.000425)
(-0.000425 0.065025 -0.000425)
(0.000425 0.065025 -0.000425)
(-0.000425 0.06545 0.000425)
(0.000425 0.06545 0.000425)
(-0.000425 0.06545 -0.000425)
(0.000425 0.06545 -0.000425)
(-0.000425 0.065875 0.000425)
(0.000425 0.065875 0.000425)
(-0.000425 0.065875 -0.000425)
(0.000425 0.065875 -0.000425)
(-0.000425 0.0663 0.000425)
(0.000425 0.0663 0.000425)
(-0.000425 0.0663 -0.000425)
(0.000425 0.0663 -0.000425)
(-0.000425 0.066725 0.000425)
(0.000425 0.066725 0.000425)
(-0.000425 0.066725 -0.000425)
(0.000425 0.066725 -0.000425)
(-0.000425 0.06715 0.000425)
(0.000425 0.06715 0.000425)
(-0.000425 0.06715 -0.000425)
(0.000425 0.06715 -0.000425)
(-0.000425 0.067575 0.000425)
(0.000425 0.067575 0.000425)
(-0.000425 0.067575 -0.000425)
(0.000425 0.067575 -0.000425)
(-0.000425 0.068 0.000425)
(0.000425 0.068 0.000425)
(-0.000425 0.068 -0.000425)
(0.000425 0.068 -0.000425)
(-0.000425 0.068425 0.000425)
(0.000425 0.068425 0.000425)
(-0.000425 0.068425 -0.000425)
(0.000425 0.068425 -0.000425)
(-0.000425 0.06885 0.000425)
(0.000425 0.06885 0.000425)
(-0.000425 0.06885 -0.000425)
(0.000425 0.06885 -0.000425)
(-0.000425 0.069275 0.000425)
(0.000425 0.069275 0.000425)
(-0.000425 0.069275 -0.000425)
(0.000425 0.069275 -0.000425)
(-0.000425 0.0697 0.000425)
(0.000425 0.0697 0.000425)
(-0.000425 0.0697 -0.000425)
(0.000425 0.0697 -0.000425)
(-0.000425 0.070125 0.000425)
(0.000425 0.070125 0.000425)
(-0.000425 0.070125 -0.000425)
(0.000425 0.070125 -0.000425)
(-0.000425 0.07055 0.000425)
(0.000425 0.07055 0.000425)
(-0.000425 0.07055 -0.000425)
(0.000425 0.07055 -0.000425)
(-0.000425 0.070975 0.000425)
(0.000425 0.070975 0.000425)
(-0.000425 0.070975 -0.000425)
(0.000425 0.070975 -0.000425)
(-0.000425 0.0714 0.000425)
(0.000425 0.0714 0.000425)
(-0.000425 0.0714 -0.000425)
(0.000425 0.0714 -0.000425)
(-0.000425 0.071825 0.000425)
(0.000425 0.071825 0.000425)
(-0.000425 0.071825 -0.000425)
(0.000425 0.071825 -0.000425)
(-0.000425 0.07225 0.000425)
(0.000425 0.07225 0.000425)
(-0.000425 0.07225 -0.000425)
(0.000425 0.07225 -0.000425)
(-0.000425 0.072675 0.000425)
(0.000425 0.072675 0.000425)
(-0.000425 0.072675 -0.000425)
(0.000425 0.072675 -0.000425)
(-0.000425 0.0731 0.000425)
(0.000425 0.0731 0.000425)
(-0.000425 0.0731 -0.000425)
(0.000425 0.0731 -0.000425)
(-0.000425 0.073525 0.000425)
(0.000425 0.073525 0.000425)
(-0.000425 0.073525 -0.000425)
(0.000425 0.073525 -0.000425)
(-0.000425 0.07395 0.000425)
(0.000425 0.07395 0.000425)
(-0.000425 0.07395 -0.000425)
(0.000425 0.07395 -0.000425)
(-0.000425 0.074375 0.000425)
(0.000425 0.074375 0.000425)
(-0.000425 0.074375 -0.000425)
(0.000425 0.074375 -0.000425)
(-0.000425 0.0748 0.000425)
(0.000425 0.0748 0.000425)
(-0.000425 0.0748 -0.000425)
(0.000425 0.0748 -0.000425)
(-0.000425 0.075225 0.000425)
(0.000425 0.075225 0.000425)
(-0.000425 0.075225 -0.000425)
(0.000425 0.075225 -0.000425)
(-0.000425 0.07565 0.000425)
(0.000425 0.07565 0.000425)
(-0.000425 0.07565 -0.000425)
(0.000425 0.07565 -0.000425)
(-0.000425 0.076075 0.000425)
(0.000425 0.076075 0.000425)
(-0.000425 0.076075 -0.000425)
(0.000425 0.076075 -0.000425)
(-0.000425 0.0765 0.000425)
(0.000425 0.0765 0.000425)
(-0.000425 0.0765 -0.000425)
(0.000425 0.0765 -0.000425)
(-0.000425 0.076925 0.000425)
(0.000425 0.076925 0.000425)
(-0.000425 0.076925 -0.000425)
(0.000425 0.076925 -0.000425)
(-0.000425 0.07735 0.000425)
(0.000425 0.07735 0.000425)
(-0.000425 0.07735 -0.000425)
(0.000425 0.07735 -0.000425)
(-0.000425 0.077775 0.000425)
(0.000425 0.077775 0.000425)
(-0.000425 0.077775 -0.000425)
(0.000425 0.077775 -0.000425)
(-0.000425 0.0782 0.000425)
(0.000425 0.0782 0.000425)
(-0.000425 0.0782 -0.000425)
(0.000425 0.0782 -0.000425)
(-0.000425 0.078625 0.000425)
(0.000425 0.078625 0.000425)
(-0.000425 0.078625 -0.000425)
(0.000425 0.078625 -0.000425)
(-0.000425 0.07905 0.000425)
(0.000425 0.07905 0.000425)
(-0.000425 0.07905 -0.000425)
(0.000425 0.07905 -0.000425)
(-0.000425 0.079475 0.000425)
(0.000425 0.079475 0.000425)
(-0.000425 0.079475 -0.000425)
(0.000425 0.079475 -0.000425)
(-0.000425 0.0799 0.000425)
(0.000425 0.0799 0.000425)
(-0.000425 0.0799 -0.000425)
(0.000425 0.0799 -0.000425)
(-0.000425 0.080325 0.000425)
(0.000425 0.080325 0.000425)
(-0.000425 0.080325 -0.000425)
(0.000425 0.080325 -0.000425)
(-0.000425 0.08075 0.000425)
(0.000425 0.08075 0.000425)
(-0.000425 0.08075 -0.000425)
(0.000425 0.08075 -0.000425)
(-0.000425 0.081175 0.000425)
(0.000425 0.081175 0.000425)
(-0.000425 0.081175 -0.000425)
(0.000425 0.081175 -0.000425)
(-0.000425 0.0816 0.000425)
(0.000425 0.0816 0.000425)
(-0.000425 0.0816 -0.000425)
(0.000425 0.0816 -0.000425)
(-0.000425 0.082025 0.000425)
(0.000425 0.082025 0.000425)
(-0.000425 0.082025 -0.000425)
(0.000425 0.082025 -0.000425)
(-0.000425 0.08245 0.000425)
(0.000425 0.08245 0.000425)
(-0.000425 0.08245 -0.000425)
(0.000425 0.08245 -0.000425)
(-0.000425 0.082875 0.000425)
(0.000425 0.082875 0.000425)
(-0.000425 0.082875 -0.000425)
(0.000425 0.082875 -0.000425)
(-0.000425 0.0833 0.000425)
(0.000425 0.0833 0.000425)
(-0.000425 0.0833 -0.000425)
(0.000425 0.0833 -0.000425)
(-0.000425 0.083725 0.000425)
(0.000425 0.083725 0.000425)
(-0.000425 0.083725 -0.000425)
(0.000425 0.083725 -0.000425)
(-0.000425 0.08415 0.000425)
(0.000425 0.08415 0.000425)
(-0.000425 0.08415 -0.000425)
(0.000425 0.08415 -0.000425)
(-0.000425 0.084575 0.000425)
(0.000425 0.084575 0.000425)
(-0.000425 0.084575 -0.000425)
(0.000425 0.084575 -0.000425)
(-0.000425 0.085 0.000425)
(0.000425 0.085 0.000425)
(-0.000425 0.085 -0.000425)
(0.000425 0.085 -0.000425)
(-0.000425 0.085425 0.000425)
(0.000425 0.085425 0.000425)
(-0.000425 0.085425 -0.000425)
(0.000425 0.085425 -0.000425)
(-0.000425 0.08585 0.000425)
(0.000425 0.08585 0.000425)
(-0.000425 0.08585 -0.000425)
(0.000425 0.08585 -0.000425)
(-0.000425 0.086275 0.000425)
(0.000425 0.086275 0.000425)
(-0.000425 0.086275 -0.000425)
(0.000425 0.086275 -0.000425)
(-0.000425 0.0867 0.000425)
(0.000425 0.0867 0.000425)
(-0.000425 0.0867 -0.000425)
(0.000425 0.0867 -0.000425)
(-0.000425 0.087125 0.000425)
(0.000425 0.087125 0.000425)
(-0.000425 0.087125 -0.000425)
(0.000425 0.087125 -0.000425)
(-0.000425 0.08755 0.000425)
(0.000425 0.08755 0.000425)
(-0.000425 0.08755 -0.000425)
(0.000425 0.08755 -0.000425)
(-0.000425 0.087975 0.000425)
(0.000425 0.087975 0.000425)
(-0.000425 0.087975 -0.000425)
(0.000425 0.087975 -0.000425)
(-0.000425 0.0884 0.000425)
(0.000425 0.0884 0.000425)
(-0.000425 0.0884 -0.000425)
(0.000425 0.0884 -0.000425)
(-0.000425 0.088825 0.000425)
(0.000425 0.088825 0.000425)
(-0.000425 0.088825 -0.000425)
(0.000425 0.088825 -0.000425)
(-0.000425 0.08925 0.000425)
(0.000425 0.08925 0.000425)
(-0.000425 0.08925 -0.000425)
(0.000425 0.08925 -0.000425)
(-0.000425 0.089675 0.000425)
(0.000425 0.089675 0.000425)
(-0.000425 0.089675 -0.000425)
(0.000425 0.089675 -0.000425)
(-0.000425 0.0901 0.000425)
(0.000425 0.0901 0.000425)
(-0.000425 0.0901 -0.000425)
(0.000425 0.0901 -0.000425)
(-0.000425 0.090525 0.000425)
(0.000425 0.090525 0.000425)
(-0.000425 0.090525 -0.000425)
(0.000425 0.090525 -0.000425)
(-0.000425 0.09095 0.000425)
(0.000425 0.09095 0.000425)
(-0.000425 0.09095 -0.000425)
(0.000425 0.09095 -0.000425)
(-0.000425 0.091375 0.000425)
(0.000425 0.091375 0.000425)
(-0.000425 0.091375 -0.000425)
(0.000425 0.091375 -0.000425)
(-0.000425 0.0918 0.000425)
(0.000425 0.0918 0.000425)
(-0.000425 0.0918 -0.000425)
(0.000425 0.0918 -0.000425)
(-0.000425 0.092225 0.000425)
(0.000425 0.092225 0.000425)
(-0.000425 0.092225 -0.000425)
(0.000425 0.092225 -0.000425)
(-0.000425 0.09265 0.000425)
(0.000425 0.09265 0.000425)
(-0.000425 0.09265 -0.000425)
(0.000425 0.09265 -0.000425)
(-0.000425 0.093075 0.000425)
(0.000425 0.093075 0.000425)
(-0.000425 0.093075 -0.000425)
(0.000425 0.093075 -0.000425)
(-0.000425 0.0935 0.000425)
(0.000425 0.0935 0.000425)
(-0.000425 0.0935 -0.000425)
(0.000425 0.0935 -0.000425)
(-0.000425 0.093925 0.000425)
(0.000425 0.093925 0.000425)
(-0.000425 0.093925 -0.000425)
(0.000425 0.093925 -0.000425)
(-0.000425 0.09435 0.000425)
(0.000425 0.09435 0.000425)
(-0.000425 0.09435 -0.000425)
(0.000425 0.09435 -0.000425)
(-0.000425 0.094775 0.000425)
(0.000425 0.094775 0.000425)
(-0.000425 0.094775 -0.000425)
(0.000425 0.094775 -0.000425)
(-0.000425 0.0952 0.000425)
(0.000425 0.0952 0.000425)
(-0.000425 0.0952 -0.000425)
(0.000425 0.0952 -0.000425)
(-0.000425 0.095625 0.000425)
(0.000425 0.095625 0.000425)
(-0.000425 0.095625 -0.000425)
(0.000425 0.095625 -0.000425)
(-0.000425 0.09605 0.000425)
(0.000425 0.09605 0.000425)
(-0.000425 0.09605 -0.000425)
(0.000425 0.09605 -0.000425)
(-0.000425 0.096475 0.000425)
(0.000425 0.096475 0.000425)
(-0.000425 0.096475 -0.000425)
(0.000425 0.096475 -0.000425)
(-0.000425 0.0969 0.000425)
(0.000425 0.0969 0.000425)
(-0.000425 0.0969 -0.000425)
(0.000425 0.0969 -0.000425)
(-0.000425 0.097325 0.000425)
(0.000425 0.097325 0.000425)
(-0.000425 0.097325 -0.000425)
(0.000425 0.097325 -0.000425)
(-0.000425 0.09775 0.000425)
(0.000425 0.09775 0.000425)
(-0.000425 0.09775 -0.000425)
(0.000425 0.09775 -0.000425)
(-0.000425 0.098175 0.000425)
(0.000425 0.098175 0.000425)
(-0.000425 0.098175 -0.000425)
(0.000425 0.098175 -0.000425)
(-0.000425 0.0986 0.000425)
(0.000425 0.0986 0.000425)
(-0.000425 0.0986 -0.000425)
(0.000425 0.0986 -0.000425)
(-0.000425 0.099025 0.000425)
(0.000425 0.099025 0.000425)
(-0.000425 0.099025 -0.000425)
(0.000425 0.099025 -0.000425)
(-0.000425 0.09945 0.000425)
(0.000425 0.09945 0.000425)
(-0.000425 0.09945 -0.000425)
(0.000425 0.09945 -0.000425)
(-0.000425 0.099875 0.000425)
(0.000425 0.099875 0.000425)
(-0.000425 0.099875 -0.000425)
(0.000425 0.099875 -0.000425)
(-0.000425 0.1003 0.000425)
(0.000425 0.1003 0.000425)
(-0.000425 0.1003 -0.000425)
(0.000425 0.1003 -0.000425)
(-0.000425 0.100725 0.000425)
(0.000425 0.100725 0.000425)
(-0.000425 0.100725 -0.000425)
(0.000425 0.100725 -0.000425)
(-0.000425 0.10115 0.000425)
(0.000425 0.10115 0.000425)
(-0.000425 0.10115 -0.000425)
(0.000425 0.10115 -0.000425)
(-0.000425 0.101575 0.000425)
(0.000425 0.101575 0.000425)
(-0.000425 0.101575 -0.000425)
(0.000425 0.101575 -0.000425)
(-0.000425 0.102 0.000425)
(0.000425 0.102 0.000425)
(-0.000425 0.102 -0.000425)
(0.000425 0.102 -0.000425)
(-0.000425 0.102425 0.000425)
(0.000425 0.102425 0.000425)
(-0.000425 0.102425 -0.000425)
(0.000425 0.102425 -0.000425)
(-0.000425 0.10285 0.000425)
(0.000425 0.10285 0.000425)
(-0.000425 0.10285 -0.000425)
(0.000425 0.10285 -0.000425)
(-0.000425 0.103275 0.000425)
(0.000425 0.103275 0.000425)
(-0.000425 0.103275 -0.000425)
(0.000425 0.103275 -0.000425)
(-0.000425 0.1037 0.000425)
(0.000425 0.1037 0.000425)
(-0.000425 0.1037 -0.000425)
(0.000425 0.1037 -0.000425)
(-0.000425 0.104125 0.000425)
(0.000425 0.104125 0.000425)
(-0.000425 0.104125 -0.000425)
(0.000425 0.104125 -0.000425)
(-0.000425 0.10455 0.000425)
(0.000425 0.10455 0.000425)
(-0.000425 0.10455 -0.000425)
(0.000425 0.10455 -0.000425)
(-0.000425 0.104975 0.000425)
(0.000425 0.104975 0.000425)
(-0.000425 0.104975 -0.000425)
(0.000425 0.104975 -0.000425)
(-0.000425 0.1054 0.000425)
(0.000425 0.1054 0.000425)
(-0.000425 0.1054 -0.000425)
(0.000425 0.1054 -0.000425)
(-0.000425 0.105825 0.000425)
(0.000425 0.105825 0.000425)
(-0.000425 0.105825 -0.000425)
(0.000425 0.105825 -0.000425)
(-0.000425 0.10625 0.000425)
(0.000425 0.10625 0.000425)
(-0.000425 0.10625 -0.000425)
(0.000425 0.10625 -0.000425)
(-0.000425 0.106675 0.000425)
(0.000425 0.106675 0.000425)
(-0.000425 0.106675 -0.000425)
(0.000425 0.106675 -0.000425)
(-0.000425 0.1071 0.000425)
(0.000425 0.1071 0.000425)
(-0.000425 0.1071 -0.000425)
(0.000425 0.1071 -0.000425)
(-0.000425 0.107525 0.000425)
(0.000425 0.107525 0.000425)
(-0.000425 0.107525 -0.000425)
(0.000425 0.107525 -0.000425)
(-0.000425 0.10795 0.000425)
(0.000425 0.10795 0.000425)
(-0.000425 0.10795 -0.000425)
(0.000425 0.10795 -0.000425)
(-0.000425 0.108375 0.000425)
(0.000425 0.108375 0.000425)
(-0.000425 0.108375 -0.000425)
(0.000425 0.108375 -0.000425)
(-0.000425 0.1088 0.000425)
(0.000425 0.1088 0.000425)
(-0.000425 0.1088 -0.000425)
(0.000425 0.1088 -0.000425)
(-0.000425 0.109225 0.000425)
(0.000425 0.109225 0.000425)
(-0.000425 0.109225 -0.000425)
(0.000425 0.109225 -0.000425)
(-0.000425 0.10965 0.000425)
(0.000425 0.10965 0.000425)
(-0.000425 0.10965 -0.000425)
(0.000425 0.10965 -0.000425)
(-0.000425 0.110075 0.000425)
(0.000425 0.110075 0.000425)
(-0.000425 0.110075 -0.000425)
(0.000425 0.110075 -0.000425)
(-0.000425 0.1105 0.000425)
(0.000425 0.1105 0.000425)
(-0.000425 0.1105 -0.000425)
(0.000425 0.1105 -0.000425)
(-0.000425 0.110925 0.000425)
(0.000425 0.110925 0.000425)
(-0.000425 0.110925 -0.000425)
(0.000425 0.110925 -0.000425)
(-0.000425 0.11135 0.000425)
(0.000425 0.11135 0.000425)
(-0.000425 0.11135 -0.000425)
(0.000425 0.11135 -0.000425)
(-0.000425 0.111775 0.000425)
(0.000425 0.111775 0.000425)
(-0.000425 0.111775 -0.000425)
(0.000425 0.111775 -0.000425)
(-0.000425 0.1122 0.000425)
(0.000425 0.1122 0.000425)
(-0.000425 0.1122 -0.000425)
(0.000425 0.1122 -0.000425)
(-0.000425 0.112625 0.000425)
(0.000425 0.112625 0.000425)
(-0.000425 0.112625 -0.000425)
(0.000425 0.112625 -0.000425)
(-0.000425 0.11305 0.000425)
(0.000425 0.11305 0.000425)
(-0.000425 0.11305 -0.000425)
(0.000425 0.11305 -0.000425)
(-0.000425 0.113475 0.000425)
(0.000425 0.113475 0.000425)
(-0.000425 0.113475 -0.000425)
(0.000425 0.113475 -0.000425)
(-0.000425 0.1139 0.000425)
(0.000425 0.1139 0.000425)
(-0.000425 0.1139 -0.000425)
(0.000425 0.1139 -0.000425)
(-0.000425 0.114325 0.000425)
(0.000425 0.114325 0.000425)
(-0.000425 0.114325 -0.000425)
(0.000425 0.114325 -0.000425)
(-0.000425 0.11475 0.000425)
(0.000425 0.11475 0.000425)
(-0.000425 0.11475 -0.000425)
(0.000425 0.11475 -0.000425)
(-0.000425 0.115175 0.000425)
(0.000425 0.115175 0.000425)
(-0.000425 0.115175 -0.000425)
(0.000425 0.115175 -0.000425)
(-0.000425 0.1156 0.000425)
(0.000425 0.1156 0.000425)
(-0.000425 0.1156 -0.000425)
(0.000425 0.1156 -0.000425)
(-0.000425 0.116025 0.000425)
(0.000425 0.116025 0.000425)
(-0.000425 0.116025 -0.000425)
(0.000425 0.116025 -0.000425)
(-0.000425 0.11645 0.000425)
(0.000425 0.11645 0.000425)
(-0.000425 0.11645 -0.000425)
(0.000425 0.11645 -0.000425)
(-0.000425 0.116875 0.000425)
(0.000425 0.116875 0.000425)
(-0.000425 0.116875 -0.000425)
(0.000425 0.116875 -0.000425)
(-0.000425 0.1173 0.000425)
(0.000425 0.1173 0.000425)
(-0.000425 0.1173 -0.000425)
(0.000425 0.1173 -0.000425)
(-0.000425 0.117725 0.000425)
(0.000425 0.117725 0.000425)
(-0.000425 0.117725 -0.000425)
(0.000425 0.117725 -0.000425)
(-0.000425 0.11815 0.000425)
(0.000425 0.11815 0.000425)
(-0.000425 0.11815 -0.000425)
(0.000425 0.11815 -0.000425)
(-0.000425 0.118575 0.000425)
(0.000425 0.118575 0.000425)
(-0.000425 0.118575 -0.000425)
(0.000425 0.118575 -0.000425)
(-0.000425 0.119 0.000425)
(0.000425 0.119 0.000425)
(-0.000425 0.119 -0.000425)
(0.000425 0.119 -0.000425)
(-0.000425 0.119425 0.000425)
(0.000425 0.119425 0.000425)
(-0.000425 0.119425 -0.000425)
(0.000425 0.119425 -0.000425)
(-0.000425 0.11985 0.000425)
(0.000425 0.11985 0.000425)
(-0.000425 0.11985 -0.000425)
(0.000425 0.11985 -0.000425)
(-0.000425 0.120275 0.000425)
(0.000425 0.120275 0.000425)
(-0.000425 0.120275 -0.000425)
(0.000425 0.120275 -0.000425)
(-0.000425 0.1207 0.000425)
(0.000425 0.1207 0.000425)
(-0.000425 0.1207 -0.000425)
(0.000425 0.1207 -0.000425)
(-0.000425 0.121125 0.000425)
(0.000425 0.121125 0.000425)
(-0.000425 0.121125 -0.000425)
(0.000425 0.121125 -0.000425)
(-0.000425 0.12155 0.000425)
(0.000425 0.12155 0.000425)
(-0.000425 0.12155 -0.000425)
(0.000425 0.12155 -0.000425)
(-0.000425 0.121975 0.000425)
(0.000425 0.121975 0.000425)
(-0.000425 0.121975 -0.000425)
(0.000425 0.121975 -0.000425)
(-0.000425 0.1224 0.000425)
(0.000425 0.1224 0.000425)
(-0.000425 0.1224 -0.000425)
(0.000425 0.1224 -0.000425)
(-0.000425 0.122825 0.000425)
(0.000425 0.122825 0.000425)
(-0.000425 0.122825 -0.000425)
(0.000425 0.122825 -0.000425)
(-0.000425 0.12325 0.000425)
(0.000425 0.12325 0.000425)
(-0.000425 0.12325 -0.000425)
(0.000425 0.12325 -0.000425)
(-0.000425 0.123675 0.000425)
(0.000425 0.123675 0.000425)
(-0.000425 0.123675 -0.000425)
(0.000425 0.123675 -0.000425)
(-0.000425 0.1241 0.000425)
(0.000425 0.1241 0.000425)
(-0.000425 0.1241 -0.000425)
(0.000425 0.1241 -0.000425)
(-0.000425 0.124525 0.000425)
(0.000425 0.124525 0.000425)
(-0.000425 0.124525 -0.000425)
(0.000425 0.124525 -0.000425)
(-0.000425 0.12495 0.000425)
(0.000425 0.12495 0.000425)
(-0.000425 0.12495 -0.000425)
(0.000425 0.12495 -0.000425)
(-0.000425 0.125375 0.000425)
(0.000425 0.125375 0.000425)
(-0.000425 0.125375 -0.000425)
(0.000425 0.125375 -0.000425)
(-0.000425 0.1258 0.000425)
(0.000425 0.1258 0.000425)
(-0.000425 0.1258 -0.000425)
(0.000425 0.1258 -0.000425)
(-0.000425 0.126225 0.000425)
(0.000425 0.126225 0.000425)
(-0.000425 0.126225 -0.000425)
(0.000425 0.126225 -0.000425)
(-0.000425 0.12665 0.000425)
(0.000425 0.12665 0.000425)
(-0.000425 0.12665 -0.000425)
(0.000425 0.12665 -0.000425)
(-0.000425 0.127075 0.000425)
(0.000425 0.127075 0.000425)
(-0.000425 0.127075 -0.000425)
(0.000425 0.127075 -0.000425)
(-0.000425 0.1275 0.000425)
(0.000425 0.1275 0.000425)
(-0.000425 0.1275 -0.000425)
(0.000425 0.1275 -0.000425)
(-0.000425 0.127925 0.000425)
(0.000425 0.127925 0.000425)
(-0.000425 0.127925 -0.000425)
(0.000425 0.127925 -0.000425)
(-0.000425 0.12835 0.000425)
(0.000425 0.12835 0.000425)
(-0.000425 0.12835 -0.000425)
(0.000425 0.12835 -0.000425)
(-0.000425 0.128775 0.000425)
(0.000425 0.128775 0.000425)
(-0.000425 0.128775 -0.000425)
(0.000425 0.128775 -0.000425)
(-0.000425 0.1292 0.000425)
(0.000425 0.1292 0.000425)
(-0.000425 0.1292 -0.000425)
(0.000425 0.1292 -0.000425)
(-0.000425 0.129625 0.000425)
(0.000425 0.129625 0.000425)
(-0.000425 0.129625 -0.000425)
(0.000425 0.129625 -0.000425)
(-0.000425 0.13005 0.000425)
(0.000425 0.13005 0.000425)
(-0.000425 0.13005 -0.000425)
(0.000425 0.13005 -0.000425)
(-0.000425 0.130475 0.000425)
(0.000425 0.130475 0.000425)
(-0.000425 0.130475 -0.000425)
(0.000425 0.130475 -0.000425)
(-0.000425 0.1309 0.000425)
(0.000425 0.1309 0.000425)
(-0.000425 0.1309 -0.000425)
(0.000425 0.1309 -0.000425)
(-0.000425 0.131325 0.000425)
(0.000425 0.131325 0.000425)
(-0.000425 0.131325 -0.000425)
(0.000425 0.131325 -0.000425)
(-0.000425 0.13175 0.000425)
(0.000425 0.13175 0.000425)
(-0.000425 0.13175 -0.000425)
(0.000425 0.13175 -0.000425)
(-0.000425 0.132175 0.000425)
(0.000425 0.132175 0.000425)
(-0.000425 0.132175 -0.000425)
(0.000425 0.132175 -0.000425)
(-0.000425 0.1326 0.000425)
(0.000425 0.1326 0.000425)
(-0.000425 0.1326 -0.000425)
(0.000425 0.1326 -0.000425)
(-0.000425 0.133025 0.000425)
(0.000425 0.133025 0.000425)
(-0.000425 0.133025 -0.000425)
(0.000425 0.133025 -0.000425)
(-0.000425 0.13345 0.000425)
(0.000425 0.13345 0.000425)
(-0.000425 0.13345 -0.000425)
(0.000425 0.13345 -0.000425)
(-0.000425 0.133875 0.000425)
(0.000425 0.133875 0.000425)
(-0.000425 0.133875 -0.000425)
(0.000425 0.133875 -0.000425)
(-0.000425 0.1343 0.000425)
(0.000425 0.1343 0.000425)
(-0.000425 0.1343 -0.000425)
(0.000425 0.1343 -0.000425)
(-0.000425 0.134725 0.000425)
(0.000425 0.134725 0.000425)
(-0.000425 0.134725 -0.000425)
(0.000425 0.134725 -0.000425)
(-0.000425 0.13515 0.000425)
(0.000425 0.13515 0.000425)
(-0.000425 0.13515 -0.000425)
(0.000425 0.13515 -0.000425)
(-0.000425 0.135575 0.000425)
(0.000425 0.135575 0.000425)
(-0.000425 0.135575 -0.000425)
(0.000425 0.135575 -0.000425)
(-0.000425 0.136 0.000425)
(0.000425 0.136 0.000425)
(-0.000425 0.136 -0.000425)
(0.000425 0.136 -0.000425)
(-0.000425 0.136425 0.000425)
(0.000425 0.136425 0.000425)
(-0.000425 0.136425 -0.000425)
(0.000425 0.136425 -0.000425)
(-0.000425 0.13685 0.000425)
(0.000425 0.13685 0.000425)
(-0.000425 0.13685 -0.000425)
(0.000425 0.13685 -0.000425)
(-0.000425 0.137275 0.000425)
(0.000425 0.137275 0.000425)
(-0.000425 0.137275 -0.000425)
(0.000425 0.137275 -0.000425)
(-0.000425 0.1377 0.000425)
(0.000425 0.1377 0.000425)
(-0.000425 0.1377 -0.000425)
(0.000425 0.1377 -0.000425)
(-0.000425 0.138125 0.000425)
(0.000425 0.138125 0.000425)
(-0.000425 0.138125 -0.000425)
(0.000425 0.138125 -0.000425)
(-0.000425 0.13855 0.000425)
(0.000425 0.13855 0.000425)
(-0.000425 0.13855 -0.000425)
(0.000425 0.13855 -0.000425)
(-0.000425 0.138975 0.000425)
(0.000425 0.138975 0.000425)
(-0.000425 0.138975 -0.000425)
(0.000425 0.138975 -0.000425)
(-0.000425 0.1394 0.000425)
(0.000425 0.1394 0.000425)
(-0.000425 0.1394 -0.000425)
(0.000425 0.1394 -0.000425)
(-0.000425 0.139825 0.000425)
(0.000425 0.139825 0.000425)
(-0.000425 0.139825 -0.000425)
(0.000425 0.139825 -0.000425)
(-0.000425 0.14025 0.000425)
(0.000425 0.14025 0.000425)
(-0.000425 0.14025 -0.000425)
(0.000425 0.14025 -0.000425)
(-0.000425 0.140675 0.000425)
(0.000425 0.140675 0.000425)
(-0.000425 0.140675 -0.000425)
(0.000425 0.140675 -0.000425)
(-0.000425 0.1411 0.000425)
(0.000425 0.1411 0.000425)
(-0.000425 0.1411 -0.000425)
(0.000425 0.1411 -0.000425)
(-0.000425 0.141525 0.000425)
(0.000425 0.141525 0.000425)
(-0.000425 0.141525 -0.000425)
(0.000425 0.141525 -0.000425)
(-0.000425 0.14195 0.000425)
(0.000425 0.14195 0.000425)
(-0.000425 0.14195 -0.000425)
(0.000425 0.14195 -0.000425)
(-0.000425 0.142375 0.000425)
(0.000425 0.142375 0.000425)
(-0.000425 0.142375 -0.000425)
(0.000425 0.142375 -0.000425)
(-0.000425 0.1428 0.000425)
(0.000425 0.1428 0.000425)
(-0.000425 0.1428 -0.000425)
(0.000425 0.1428 -0.000425)
(-0.000425 0.143225 0.000425)
(0.000425 0.143225 0.000425)
(-0.000425 0.143225 -0.000425)
(0.000425 0.143225 -0.000425)
(-0.000425 0.14365 0.000425)
(0.000425 0.14365 0.000425)
(-0.000425 0.14365 -0.000425)
(0.000425 0.14365 -0.000425)
(-0.000425 0.144075 0.000425)
(0.000425 0.144075 0.000425)
(-0.000425 0.144075 -0.000425)
(0.000425 0.144075 -0.000425)
(-0.000425 0.1445 0.000425)
(0.000425 0.1445 0.000425)
(-0.000425 0.1445 -0.000425)
(0.000425 0.1445 -0.000425)
(-0.000425 0.144925 0.000425)
(0.000425 0.144925 0.000425)
(-0.000425 0.144925 -0.000425)
(0.000425 0.144925 -0.000425)
(-0.000425 0.14535 0.000425)
(0.000425 0.14535 0.000425)
(-0.000425 0.14535 -0.000425)
(0.000425 0.14535 -0.000425)
(-0.000425 0.145775 0.000425)
(0.000425 0.145775 0.000425)
(-0.000425 0.145775 -0.000425)
(0.000425 0.145775 -0.000425)
(-0.000425 0.1462 0.000425)
(0.000425 0.1462 0.000425)
(-0.000425 0.1462 -0.000425)
(0.000425 0.1462 -0.000425)
(-0.000425 0.146625 0.000425)
(0.000425 0.146625 0.000425)
(-0.000425 0.146625 -0.000425)
(0.000425 0.146625 -0.000425)
(-0.000425 0.14705 0.000425)
(0.000425 0.14705 0.000425)
(-0.000425 0.14705 -0.000425)
(0.000425 0.14705 -0.000425)
(-0.000425 0.147475 0.000425)
(0.000425 0.147475 0.000425)
(-0.000425 0.147475 -0.000425)
(0.000425 0.147475 -0.000425)
(-0.000425 0.1479 0.000425)
(0.000425 0.1479 0.000425)
(-0.000425 0.1479 -0.000425)
(0.000425 0.1479 -0.000425)
(-0.000425 0.148325 0.000425)
(0.000425 0.148325 0.000425)
(-0.000425 0.148325 -0.000425)
(0.000425 0.148325 -0.000425)
(-0.000425 0.14875 0.000425)
(0.000425 0.14875 0.000425)
(-0.000425 0.14875 -0.000425)
(0.000425 0.14875 -0.000425)
(-0.000425 0.149175 0.000425)
(0.000425 0.149175 0.000425)
(-0.000425 0.149175 -0.000425)
(0.000425 0.149175 -0.000425)
(-0.000425 0.1496 0.000425)
(0.000425 0.1496 0.000425)
(-0.000425 0.1496 -0.000425)
(0.000425 0.1496 -0.000425)
(-0.000425 0.150025 0.000425)
(0.000425 0.150025 0.000425)
(-0.000425 0.150025 -0.000425)
(0.000425 0.150025 -0.000425)
(-0.000425 0.15045 0.000425)
(0.000425 0.15045 0.000425)
(-0.000425 0.15045 -0.000425)
(0.000425 0.15045 -0.000425)
(-0.000425 0.150875 0.000425)
(0.000425 0.150875 0.000425)
(-0.000425 0.150875 -0.000425)
(0.000425 0.150875 -0.000425)
(-0.000425 0.1513 0.000425)
(0.000425 0.1513 0.000425)
(-0.000425 0.1513 -0.000425)
(0.000425 0.1513 -0.000425)
(-0.000425 0.151725 0.000425)
(0.000425 0.151725 0.000425)
(-0.000425 0.151725 -0.000425)
(0.000425 0.151725 -0.000425)
(-0.000425 0.15215 0.000425)
(0.000425 0.15215 0.000425)
(-0.000425 0.15215 -0.000425)
(0.000425 0.15215 -0.000425)
(-0.000425 0.152575 0.000425)
(0.000425 0.152575 0.000425)
(-0.000425 0.152575 -0.000425)
(0.000425 0.152575 -0.000425)
(-0.000425 0.153 0.000425)
(0.000425 0.153 0.000425)
(-0.000425 0.153 -0.000425)
(0.000425 0.153 -0.000425)
(-0.000425 0.153425 0.000425)
(0.000425 0.153425 0.000425)
(-0.000425 0.153425 -0.000425)
(0.000425 0.153425 -0.000425)
(-0.000425 0.15385 0.000425)
(0.000425 0.15385 0.000425)
(-0.000425 0.15385 -0.000425)
(0.000425 0.15385 -0.000425)
(-0.000425 0.154275 0.000425)
(0.000425 0.154275 0.000425)
(-0.000425 0.154275 -0.000425)
(0.000425 0.154275 -0.000425)
(-0.000425 0.1547 0.000425)
(0.000425 0.1547 0.000425)
(-0.000425 0.1547 -0.000425)
(0.000425 0.1547 -0.000425)
(-0.000425 0.155125 0.000425)
(0.000425 0.155125 0.000425)
(-0.000425 0.155125 -0.000425)
(0.000425 0.155125 -0.000425)
(-0.000425 0.15555 0.000425)
(0.000425 0.15555 0.000425)
(-0.000425 0.15555 -0.000425)
(0.000425 0.15555 -0.000425)
(-0.000425 0.155975 0.000425)
(0.000425 0.155975 0.000425)
(-0.000425 0.155975 -0.000425)
(0.000425 0.155975 -0.000425)
(-0.000425 0.1564 0.000425)
(0.000425 0.1564 0.000425)
(-0.000425 0.1564 -0.000425)
(0.000425 0.1564 -0.000425)
(-0.000425 0.156825 0.000425)
(0.000425 0.156825 0.000425)
(-0.000425 0.156825 -0.000425)
(0.000425 0.156825 -0.000425)
(-0.000425 0.15725 0.000425)
(0.000425 0.15725 0.000425)
(-0.000425 0.15725 -0.000425)
(0.000425 0.15725 -0.000425)
(-0.000425 0.157675 0.000425)
(0.000425 0.157675 0.000425)
(-0.000425 0.157675 -0.000425)
(0.000425 0.157675 -0.000425)
(-0.000425 0.1581 0.000425)
(0.000425 0.1581 0.000425)
(-0.000425 0.1581 -0.000425)
(0.000425 0.1581 -0.000425)
(-0.000425 0.158525 0.000425)
(0.000425 0.158525 0.000425)
(-0.000425 0.158525 -0.000425)
(0.000425 0.158525 -0.000425)
(-0.000425 0.15895 0.000425)
(0.000425 0.15895 0.000425)
(-0.000425 0.15895 -0.000425)
(0.000425 0.15895 -0.000425)
(-0.000425 0.159375 0.000425)
(0.000425 0.159375 0.000425)
(-0.000425 0.159375 -0.000425)
(0.000425 0.159375 -0.000425)
(-0.000425 0.1598 0.000425)
(0.000425 0.1598 0.000425)
(-0.000425 0.1598 -0.000425)
(0.000425 0.1598 -0.000425)
(-0.000425 0.160225 0.000425)
(0.000425 0.160225 0.000425)
(-0.000425 0.160225 -0.000425)
(0.000425 0.160225 -0.000425)
(-0.000425 0.16065 0.000425)
(0.000425 0.16065 0.000425)
(-0.000425 0.16065 -0.000425)
(0.000425 0.16065 -0.000425)
(-0.000425 0.161075 0.000425)
(0.000425 0.161075 0.000425)
(-0.000425 0.161075 -0.000425)
(0.000425 0.161075 -0.000425)
(-0.000425 0.1615 0.000425)
(0.000425 0.1615 0.000425)
(-0.000425 0.1615 -0.000425)
(0.000425 0.1615 -0.000425)
(-0.000425 0.161925 0.000425)
(0.000425 0.161925 0.000425)
(-0.000425 0.161925 -0.000425)
(0.000425 0.161925 -0.000425)
(-0.000425 0.16235 0.000425)
(0.000425 0.16235 0.000425)
(-0.000425 0.16235 -0.000425)
(0.000425 0.16235 -0.000425)
(-0.000425 0.162775 0.000425)
(0.000425 0.162775 0.000425)
(-0.000425 0.162775 -0.000425)
(0.000425 0.162775 -0.000425)
(-0.000425 0.1632 0.000425)
(0.000425 0.1632 0.000425)
(-0.000425 0.1632 -0.000425)
(0.000425 0.1632 -0.000425)
(-0.000425 0.163625 0.000425)
(0.000425 0.163625 0.000425)
(-0.000425 0.163625 -0.000425)
(0.000425 0.163625 -0.000425)
(-0.000425 0.16405 0.000425)
(0.000425 0.16405 0.000425)
(-0.000425 0.16405 -0.000425)
(0.000425 0.16405 -0.000425)
(-0.000425 0.164475 0.000425)
(0.000425 0.164475 0.000425)
(-0.000425 0.164475 -0.000425)
(0.000425 0.164475 -0.000425)
(-0.000425 0.1649 0.000425)
(0.000425 0.1649 0.000425)
(-0.000425 0.1649 -0.000425)
(0.000425 0.1649 -0.000425)
(-0.000425 0.165325 0.000425)
(0.000425 0.165325 0.000425)
(-0.000425 0.165325 -0.000425)
(0.000425 0.165325 -0.000425)
(-0.000425 0.16575 0.000425)
(0.000425 0.16575 0.000425)
(-0.000425 0.16575 -0.000425)
(0.000425 0.16575 -0.000425)
(-0.000425 0.166175 0.000425)
(0.000425 0.166175 0.000425)
(-0.000425 0.166175 -0.000425)
(0.000425 0.166175 -0.000425)
(-0.000425 0.1666 0.000425)
(0.000425 0.1666 0.000425)
(-0.000425 0.1666 -0.000425)
(0.000425 0.1666 -0.000425)
(-0.000425 0.167025 0.000425)
(0.000425 0.167025 0.000425)
(-0.000425 0.167025 -0.000425)
(0.000425 0.167025 -0.000425)
(-0.000425 0.16745 0.000425)
(0.000425 0.16745 0.000425)
(-0.000425 0.16745 -0.000425)
(0.000425 0.16745 -0.000425)
(-0.000425 0.167875 0.000425)
(0.000425 0.167875 0.000425)
(-0.000425 0.167875 -0.000425)
(0.000425 0.167875 -0.000425)
(-0.000425 0.1683 0.000425)
(0.000425 0.1683 0.000425)
(-0.000425 0.1683 -0.000425)
(0.000425 0.1683 -0.000425)
(-0.000425 0.168725 0.000425)
(0.000425 0.168725 0.000425)
(-0.000425 0.168725 -0.000425)
(0.000425 0.168725 -0.000425)
(-0.000425 0.16915 0.000425)
(0.000425 0.16915 0.000425)
(-0.000425 0.16915 -0.000425)
(0.000425 0.16915 -0.000425)
(-0.000425 0.169575 0.000425)
(0.000425 0.169575 0.000425)
(-0.000425 0.169575 -0.000425)
(0.000425 0.169575 -0.000425)
(-0.000425 0.17 0.000425)
(0.000425 0.17 0.000425)
(-0.000425 0.17 -0.000425)
(0.000425 0.17 -0.000425)
)


// ************************************************************************* //
