/*--------------------------------*- C++ -*----------------------------------*\
| =========                 |                                                 |
| \\      /  F ield         | OpenFOAM: The Open Source CFD Toolbox           |
|  \\    /   O peration     | Version:  4.0                                   |
|   \\  /    A nd           | Web:      www.OpenFOAM.org                      |
|    \\/     M anipulation  |                                                 |
\*---------------------------------------------------------------------------*/
FoamFile
{
    version     2.0;
    format      ascii;
    class       vectorField;
    location    "constant/polyMesh";
    object      points;
}
// * * * * * * * * * * * * * * * * * * * * * * * * * * * * * * * * * * * * * //


2884
(
(0 0 0.001)
(0.002 0 0.001)
(0 0 -0.001)
(0.002 0 -0.001)
(0 0.00025 0.001)
(0.002 0.00025 0.001)
(0 0.00025 -0.001)
(0.002 0.00025 -0.001)
(0 0.0005 0.001)
(0.002 0.0005 0.001)
(0 0.0005 -0.001)
(0.002 0.0005 -0.001)
(0 0.00075 0.001)
(0.002 0.00075 0.001)
(0 0.00075 -0.001)
(0.002 0.00075 -0.001)
(0 0.001 0.001)
(0.002 0.001 0.001)
(0 0.001 -0.001)
(0.002 0.001 -0.001)
(0 0.00125 0.001)
(0.002 0.00125 0.001)
(0 0.00125 -0.001)
(0.002 0.00125 -0.001)
(0 0.0015 0.001)
(0.002 0.0015 0.001)
(0 0.0015 -0.001)
(0.002 0.0015 -0.001)
(0 0.00175 0.001)
(0.002 0.00175 0.001)
(0 0.00175 -0.001)
(0.002 0.00175 -0.001)
(0 0.002 0.001)
(0.002 0.002 0.001)
(0 0.002 -0.001)
(0.002 0.002 -0.001)
(0 0.00225 0.001)
(0.002 0.00225 0.001)
(0 0.00225 -0.001)
(0.002 0.00225 -0.001)
(0 0.0025 0.001)
(0.002 0.0025 0.001)
(0 0.0025 -0.001)
(0.002 0.0025 -0.001)
(0 0.00275 0.001)
(0.002 0.00275 0.001)
(0 0.00275 -0.001)
(0.002 0.00275 -0.001)
(0 0.003 0.001)
(0.002 0.003 0.001)
(0 0.003 -0.001)
(0.002 0.003 -0.001)
(0 0.00325 0.001)
(0.002 0.00325 0.001)
(0 0.00325 -0.001)
(0.002 0.00325 -0.001)
(0 0.0035 0.001)
(0.002 0.0035 0.001)
(0 0.0035 -0.001)
(0.002 0.0035 -0.001)
(0 0.00375 0.001)
(0.002 0.00375 0.001)
(0 0.00375 -0.001)
(0.002 0.00375 -0.001)
(0 0.004 0.001)
(0.002 0.004 0.001)
(0 0.004 -0.001)
(0.002 0.004 -0.001)
(0 0.00425 0.001)
(0.002 0.00425 0.001)
(0 0.00425 -0.001)
(0.002 0.00425 -0.001)
(0 0.0045 0.001)
(0.002 0.0045 0.001)
(0 0.0045 -0.001)
(0.002 0.0045 -0.001)
(0 0.00475 0.001)
(0.002 0.00475 0.001)
(0 0.00475 -0.001)
(0.002 0.00475 -0.001)
(0 0.005 0.001)
(0.002 0.005 0.001)
(0 0.005 -0.001)
(0.002 0.005 -0.001)
(0 0.00525 0.001)
(0.002 0.00525 0.001)
(0 0.00525 -0.001)
(0.002 0.00525 -0.001)
(0 0.0055 0.001)
(0.002 0.0055 0.001)
(0 0.0055 -0.001)
(0.002 0.0055 -0.001)
(0 0.00575 0.001)
(0.002 0.00575 0.001)
(0 0.00575 -0.001)
(0.002 0.00575 -0.001)
(0 0.006 0.001)
(0.002 0.006 0.001)
(0 0.006 -0.001)
(0.002 0.006 -0.001)
(0 0.00625 0.001)
(0.002 0.00625 0.001)
(0 0.00625 -0.001)
(0.002 0.00625 -0.001)
(0 0.0065 0.001)
(0.002 0.0065 0.001)
(0 0.0065 -0.001)
(0.002 0.0065 -0.001)
(0 0.00675 0.001)
(0.002 0.00675 0.001)
(0 0.00675 -0.001)
(0.002 0.00675 -0.001)
(0 0.007 0.001)
(0.002 0.007 0.001)
(0 0.007 -0.001)
(0.002 0.007 -0.001)
(0 0.00725 0.001)
(0.002 0.00725 0.001)
(0 0.00725 -0.001)
(0.002 0.00725 -0.001)
(0 0.0075 0.001)
(0.002 0.0075 0.001)
(0 0.0075 -0.001)
(0.002 0.0075 -0.001)
(0 0.00775 0.001)
(0.002 0.00775 0.001)
(0 0.00775 -0.001)
(0.002 0.00775 -0.001)
(0 0.008 0.001)
(0.002 0.008 0.001)
(0 0.008 -0.001)
(0.002 0.008 -0.001)
(0 0.00825 0.001)
(0.002 0.00825 0.001)
(0 0.00825 -0.001)
(0.002 0.00825 -0.001)
(0 0.0085 0.001)
(0.002 0.0085 0.001)
(0 0.0085 -0.001)
(0.002 0.0085 -0.001)
(0 0.00875 0.001)
(0.002 0.00875 0.001)
(0 0.00875 -0.001)
(0.002 0.00875 -0.001)
(0 0.009 0.001)
(0.002 0.009 0.001)
(0 0.009 -0.001)
(0.002 0.009 -0.001)
(0 0.00925 0.001)
(0.002 0.00925 0.001)
(0 0.00925 -0.001)
(0.002 0.00925 -0.001)
(0 0.0095 0.001)
(0.002 0.0095 0.001)
(0 0.0095 -0.001)
(0.002 0.0095 -0.001)
(0 0.00975 0.001)
(0.002 0.00975 0.001)
(0 0.00975 -0.001)
(0.002 0.00975 -0.001)
(0 0.01 0.001)
(0.002 0.01 0.001)
(0 0.01 -0.001)
(0.002 0.01 -0.001)
(0 0.01025 0.001)
(0.002 0.01025 0.001)
(0 0.01025 -0.001)
(0.002 0.01025 -0.001)
(0 0.0105 0.001)
(0.002 0.0105 0.001)
(0 0.0105 -0.001)
(0.002 0.0105 -0.001)
(0 0.01075 0.001)
(0.002 0.01075 0.001)
(0 0.01075 -0.001)
(0.002 0.01075 -0.001)
(0 0.011 0.001)
(0.002 0.011 0.001)
(0 0.011 -0.001)
(0.002 0.011 -0.001)
(0 0.01125 0.001)
(0.002 0.01125 0.001)
(0 0.01125 -0.001)
(0.002 0.01125 -0.001)
(0 0.0115 0.001)
(0.002 0.0115 0.001)
(0 0.0115 -0.001)
(0.002 0.0115 -0.001)
(0 0.01175 0.001)
(0.002 0.01175 0.001)
(0 0.01175 -0.001)
(0.002 0.01175 -0.001)
(0 0.012 0.001)
(0.002 0.012 0.001)
(0 0.012 -0.001)
(0.002 0.012 -0.001)
(0 0.01225 0.001)
(0.002 0.01225 0.001)
(0 0.01225 -0.001)
(0.002 0.01225 -0.001)
(0 0.0125 0.001)
(0.002 0.0125 0.001)
(0 0.0125 -0.001)
(0.002 0.0125 -0.001)
(0 0.01275 0.001)
(0.002 0.01275 0.001)
(0 0.01275 -0.001)
(0.002 0.01275 -0.001)
(0 0.013 0.001)
(0.002 0.013 0.001)
(0 0.013 -0.001)
(0.002 0.013 -0.001)
(0 0.01325 0.001)
(0.002 0.01325 0.001)
(0 0.01325 -0.001)
(0.002 0.01325 -0.001)
(0 0.0135 0.001)
(0.002 0.0135 0.001)
(0 0.0135 -0.001)
(0.002 0.0135 -0.001)
(0 0.01375 0.001)
(0.002 0.01375 0.001)
(0 0.01375 -0.001)
(0.002 0.01375 -0.001)
(0 0.014 0.001)
(0.002 0.014 0.001)
(0 0.014 -0.001)
(0.002 0.014 -0.001)
(0 0.01425 0.001)
(0.002 0.01425 0.001)
(0 0.01425 -0.001)
(0.002 0.01425 -0.001)
(0 0.0145 0.001)
(0.002 0.0145 0.001)
(0 0.0145 -0.001)
(0.002 0.0145 -0.001)
(0 0.01475 0.001)
(0.002 0.01475 0.001)
(0 0.01475 -0.001)
(0.002 0.01475 -0.001)
(0 0.015 0.001)
(0.002 0.015 0.001)
(0 0.015 -0.001)
(0.002 0.015 -0.001)
(0 0.01525 0.001)
(0.002 0.01525 0.001)
(0 0.01525 -0.001)
(0.002 0.01525 -0.001)
(0 0.0155 0.001)
(0.002 0.0155 0.001)
(0 0.0155 -0.001)
(0.002 0.0155 -0.001)
(0 0.01575 0.001)
(0.002 0.01575 0.001)
(0 0.01575 -0.001)
(0.002 0.01575 -0.001)
(0 0.016 0.001)
(0.002 0.016 0.001)
(0 0.016 -0.001)
(0.002 0.016 -0.001)
(0 0.01625 0.001)
(0.002 0.01625 0.001)
(0 0.01625 -0.001)
(0.002 0.01625 -0.001)
(0 0.0165 0.001)
(0.002 0.0165 0.001)
(0 0.0165 -0.001)
(0.002 0.0165 -0.001)
(0 0.01675 0.001)
(0.002 0.01675 0.001)
(0 0.01675 -0.001)
(0.002 0.01675 -0.001)
(0 0.017 0.001)
(0.002 0.017 0.001)
(0 0.017 -0.001)
(0.002 0.017 -0.001)
(0 0.01725 0.001)
(0.002 0.01725 0.001)
(0 0.01725 -0.001)
(0.002 0.01725 -0.001)
(0 0.0175 0.001)
(0.002 0.0175 0.001)
(0 0.0175 -0.001)
(0.002 0.0175 -0.001)
(0 0.01775 0.001)
(0.002 0.01775 0.001)
(0 0.01775 -0.001)
(0.002 0.01775 -0.001)
(0 0.018 0.001)
(0.002 0.018 0.001)
(0 0.018 -0.001)
(0.002 0.018 -0.001)
(0 0.01825 0.001)
(0.002 0.01825 0.001)
(0 0.01825 -0.001)
(0.002 0.01825 -0.001)
(0 0.0185 0.001)
(0.002 0.0185 0.001)
(0 0.0185 -0.001)
(0.002 0.0185 -0.001)
(0 0.01875 0.001)
(0.002 0.01875 0.001)
(0 0.01875 -0.001)
(0.002 0.01875 -0.001)
(0 0.019 0.001)
(0.002 0.019 0.001)
(0 0.019 -0.001)
(0.002 0.019 -0.001)
(0 0.01925 0.001)
(0.002 0.01925 0.001)
(0 0.01925 -0.001)
(0.002 0.01925 -0.001)
(0 0.0195 0.001)
(0.002 0.0195 0.001)
(0 0.0195 -0.001)
(0.002 0.0195 -0.001)
(0 0.01975 0.001)
(0.002 0.01975 0.001)
(0 0.01975 -0.001)
(0.002 0.01975 -0.001)
(0 0.02 0.001)
(0.002 0.02 0.001)
(0 0.02 -0.001)
(0.002 0.02 -0.001)
(0 0.02025 0.001)
(0.002 0.02025 0.001)
(0 0.02025 -0.001)
(0.002 0.02025 -0.001)
(0 0.0205 0.001)
(0.002 0.0205 0.001)
(0 0.0205 -0.001)
(0.002 0.0205 -0.001)
(0 0.02075 0.001)
(0.002 0.02075 0.001)
(0 0.02075 -0.001)
(0.002 0.02075 -0.001)
(0 0.021 0.001)
(0.002 0.021 0.001)
(0 0.021 -0.001)
(0.002 0.021 -0.001)
(0 0.02125 0.001)
(0.002 0.02125 0.001)
(0 0.02125 -0.001)
(0.002 0.02125 -0.001)
(0 0.0215 0.001)
(0.002 0.0215 0.001)
(0 0.0215 -0.001)
(0.002 0.0215 -0.001)
(0 0.02175 0.001)
(0.002 0.02175 0.001)
(0 0.02175 -0.001)
(0.002 0.02175 -0.001)
(0 0.022 0.001)
(0.002 0.022 0.001)
(0 0.022 -0.001)
(0.002 0.022 -0.001)
(0 0.02225 0.001)
(0.002 0.02225 0.001)
(0 0.02225 -0.001)
(0.002 0.02225 -0.001)
(0 0.0225 0.001)
(0.002 0.0225 0.001)
(0 0.0225 -0.001)
(0.002 0.0225 -0.001)
(0 0.02275 0.001)
(0.002 0.02275 0.001)
(0 0.02275 -0.001)
(0.002 0.02275 -0.001)
(0 0.023 0.001)
(0.002 0.023 0.001)
(0 0.023 -0.001)
(0.002 0.023 -0.001)
(0 0.02325 0.001)
(0.002 0.02325 0.001)
(0 0.02325 -0.001)
(0.002 0.02325 -0.001)
(0 0.0235 0.001)
(0.002 0.0235 0.001)
(0 0.0235 -0.001)
(0.002 0.0235 -0.001)
(0 0.02375 0.001)
(0.002 0.02375 0.001)
(0 0.02375 -0.001)
(0.002 0.02375 -0.001)
(0 0.024 0.001)
(0.002 0.024 0.001)
(0 0.024 -0.001)
(0.002 0.024 -0.001)
(0 0.02425 0.001)
(0.002 0.02425 0.001)
(0 0.02425 -0.001)
(0.002 0.02425 -0.001)
(0 0.0245 0.001)
(0.002 0.0245 0.001)
(0 0.0245 -0.001)
(0.002 0.0245 -0.001)
(0 0.02475 0.001)
(0.002 0.02475 0.001)
(0 0.02475 -0.001)
(0.002 0.02475 -0.001)
(0 0.025 0.001)
(0.002 0.025 0.001)
(0 0.025 -0.001)
(0.002 0.025 -0.001)
(0 0.02525 0.001)
(0.002 0.02525 0.001)
(0 0.02525 -0.001)
(0.002 0.02525 -0.001)
(0 0.0255 0.001)
(0.002 0.0255 0.001)
(0 0.0255 -0.001)
(0.002 0.0255 -0.001)
(0 0.02575 0.001)
(0.002 0.02575 0.001)
(0 0.02575 -0.001)
(0.002 0.02575 -0.001)
(0 0.026 0.001)
(0.002 0.026 0.001)
(0 0.026 -0.001)
(0.002 0.026 -0.001)
(0 0.02625 0.001)
(0.002 0.02625 0.001)
(0 0.02625 -0.001)
(0.002 0.02625 -0.001)
(0 0.0265 0.001)
(0.002 0.0265 0.001)
(0 0.0265 -0.001)
(0.002 0.0265 -0.001)
(0 0.02675 0.001)
(0.002 0.02675 0.001)
(0 0.02675 -0.001)
(0.002 0.02675 -0.001)
(0 0.027 0.001)
(0.002 0.027 0.001)
(0 0.027 -0.001)
(0.002 0.027 -0.001)
(0 0.02725 0.001)
(0.002 0.02725 0.001)
(0 0.02725 -0.001)
(0.002 0.02725 -0.001)
(0 0.0275 0.001)
(0.002 0.0275 0.001)
(0 0.0275 -0.001)
(0.002 0.0275 -0.001)
(0 0.02775 0.001)
(0.002 0.02775 0.001)
(0 0.02775 -0.001)
(0.002 0.02775 -0.001)
(0 0.028 0.001)
(0.002 0.028 0.001)
(0 0.028 -0.001)
(0.002 0.028 -0.001)
(0 0.02825 0.001)
(0.002 0.02825 0.001)
(0 0.02825 -0.001)
(0.002 0.02825 -0.001)
(0 0.0285 0.001)
(0.002 0.0285 0.001)
(0 0.0285 -0.001)
(0.002 0.0285 -0.001)
(0 0.02875 0.001)
(0.002 0.02875 0.001)
(0 0.02875 -0.001)
(0.002 0.02875 -0.001)
(0 0.029 0.001)
(0.002 0.029 0.001)
(0 0.029 -0.001)
(0.002 0.029 -0.001)
(0 0.02925 0.001)
(0.002 0.02925 0.001)
(0 0.02925 -0.001)
(0.002 0.02925 -0.001)
(0 0.0295 0.001)
(0.002 0.0295 0.001)
(0 0.0295 -0.001)
(0.002 0.0295 -0.001)
(0 0.02975 0.001)
(0.002 0.02975 0.001)
(0 0.02975 -0.001)
(0.002 0.02975 -0.001)
(0 0.03 0.001)
(0.002 0.03 0.001)
(0 0.03 -0.001)
(0.002 0.03 -0.001)
(0 0.03025 0.001)
(0.002 0.03025 0.001)
(0 0.03025 -0.001)
(0.002 0.03025 -0.001)
(0 0.0305 0.001)
(0.002 0.0305 0.001)
(0 0.0305 -0.001)
(0.002 0.0305 -0.001)
(0 0.03075 0.001)
(0.002 0.03075 0.001)
(0 0.03075 -0.001)
(0.002 0.03075 -0.001)
(0 0.031 0.001)
(0.002 0.031 0.001)
(0 0.031 -0.001)
(0.002 0.031 -0.001)
(0 0.03125 0.001)
(0.002 0.03125 0.001)
(0 0.03125 -0.001)
(0.002 0.03125 -0.001)
(0 0.0315 0.001)
(0.002 0.0315 0.001)
(0 0.0315 -0.001)
(0.002 0.0315 -0.001)
(0 0.03175 0.001)
(0.002 0.03175 0.001)
(0 0.03175 -0.001)
(0.002 0.03175 -0.001)
(0 0.032 0.001)
(0.002 0.032 0.001)
(0 0.032 -0.001)
(0.002 0.032 -0.001)
(0 0.03225 0.001)
(0.002 0.03225 0.001)
(0 0.03225 -0.001)
(0.002 0.03225 -0.001)
(0 0.0325 0.001)
(0.002 0.0325 0.001)
(0 0.0325 -0.001)
(0.002 0.0325 -0.001)
(0 0.03275 0.001)
(0.002 0.03275 0.001)
(0 0.03275 -0.001)
(0.002 0.03275 -0.001)
(0 0.033 0.001)
(0.002 0.033 0.001)
(0 0.033 -0.001)
(0.002 0.033 -0.001)
(0 0.03325 0.001)
(0.002 0.03325 0.001)
(0 0.03325 -0.001)
(0.002 0.03325 -0.001)
(0 0.0335 0.001)
(0.002 0.0335 0.001)
(0 0.0335 -0.001)
(0.002 0.0335 -0.001)
(0 0.03375 0.001)
(0.002 0.03375 0.001)
(0 0.03375 -0.001)
(0.002 0.03375 -0.001)
(0 0.034 0.001)
(0.002 0.034 0.001)
(0 0.034 -0.001)
(0.002 0.034 -0.001)
(0 0.03425 0.001)
(0.002 0.03425 0.001)
(0 0.03425 -0.001)
(0.002 0.03425 -0.001)
(0 0.0345 0.001)
(0.002 0.0345 0.001)
(0 0.0345 -0.001)
(0.002 0.0345 -0.001)
(0 0.03475 0.001)
(0.002 0.03475 0.001)
(0 0.03475 -0.001)
(0.002 0.03475 -0.001)
(0 0.035 0.001)
(0.002 0.035 0.001)
(0 0.035 -0.001)
(0.002 0.035 -0.001)
(0 0.03525 0.001)
(0.002 0.03525 0.001)
(0 0.03525 -0.001)
(0.002 0.03525 -0.001)
(0 0.0355 0.001)
(0.002 0.0355 0.001)
(0 0.0355 -0.001)
(0.002 0.0355 -0.001)
(0 0.03575 0.001)
(0.002 0.03575 0.001)
(0 0.03575 -0.001)
(0.002 0.03575 -0.001)
(0 0.036 0.001)
(0.002 0.036 0.001)
(0 0.036 -0.001)
(0.002 0.036 -0.001)
(0 0.03625 0.001)
(0.002 0.03625 0.001)
(0 0.03625 -0.001)
(0.002 0.03625 -0.001)
(0 0.0365 0.001)
(0.002 0.0365 0.001)
(0 0.0365 -0.001)
(0.002 0.0365 -0.001)
(0 0.03675 0.001)
(0.002 0.03675 0.001)
(0 0.03675 -0.001)
(0.002 0.03675 -0.001)
(0 0.037 0.001)
(0.002 0.037 0.001)
(0 0.037 -0.001)
(0.002 0.037 -0.001)
(0 0.03725 0.001)
(0.002 0.03725 0.001)
(0 0.03725 -0.001)
(0.002 0.03725 -0.001)
(0 0.0375 0.001)
(0.002 0.0375 0.001)
(0 0.0375 -0.001)
(0.002 0.0375 -0.001)
(0 0.03775 0.001)
(0.002 0.03775 0.001)
(0 0.03775 -0.001)
(0.002 0.03775 -0.001)
(0 0.038 0.001)
(0.002 0.038 0.001)
(0 0.038 -0.001)
(0.002 0.038 -0.001)
(0 0.03825 0.001)
(0.002 0.03825 0.001)
(0 0.03825 -0.001)
(0.002 0.03825 -0.001)
(0 0.0385 0.001)
(0.002 0.0385 0.001)
(0 0.0385 -0.001)
(0.002 0.0385 -0.001)
(0 0.03875 0.001)
(0.002 0.03875 0.001)
(0 0.03875 -0.001)
(0.002 0.03875 -0.001)
(0 0.039 0.001)
(0.002 0.039 0.001)
(0 0.039 -0.001)
(0.002 0.039 -0.001)
(0 0.03925 0.001)
(0.002 0.03925 0.001)
(0 0.03925 -0.001)
(0.002 0.03925 -0.001)
(0 0.0395 0.001)
(0.002 0.0395 0.001)
(0 0.0395 -0.001)
(0.002 0.0395 -0.001)
(0 0.03975 0.001)
(0.002 0.03975 0.001)
(0 0.03975 -0.001)
(0.002 0.03975 -0.001)
(0 0.04 0.001)
(0.002 0.04 0.001)
(0 0.04 -0.001)
(0.002 0.04 -0.001)
(0 0.04025 0.001)
(0.002 0.04025 0.001)
(0 0.04025 -0.001)
(0.002 0.04025 -0.001)
(0 0.0405 0.001)
(0.002 0.0405 0.001)
(0 0.0405 -0.001)
(0.002 0.0405 -0.001)
(0 0.04075 0.001)
(0.002 0.04075 0.001)
(0 0.04075 -0.001)
(0.002 0.04075 -0.001)
(0 0.041 0.001)
(0.002 0.041 0.001)
(0 0.041 -0.001)
(0.002 0.041 -0.001)
(0 0.04125 0.001)
(0.002 0.04125 0.001)
(0 0.04125 -0.001)
(0.002 0.04125 -0.001)
(0 0.0415 0.001)
(0.002 0.0415 0.001)
(0 0.0415 -0.001)
(0.002 0.0415 -0.001)
(0 0.04175 0.001)
(0.002 0.04175 0.001)
(0 0.04175 -0.001)
(0.002 0.04175 -0.001)
(0 0.042 0.001)
(0.002 0.042 0.001)
(0 0.042 -0.001)
(0.002 0.042 -0.001)
(0 0.04225 0.001)
(0.002 0.04225 0.001)
(0 0.04225 -0.001)
(0.002 0.04225 -0.001)
(0 0.0425 0.001)
(0.002 0.0425 0.001)
(0 0.0425 -0.001)
(0.002 0.0425 -0.001)
(0 0.04275 0.001)
(0.002 0.04275 0.001)
(0 0.04275 -0.001)
(0.002 0.04275 -0.001)
(0 0.043 0.001)
(0.002 0.043 0.001)
(0 0.043 -0.001)
(0.002 0.043 -0.001)
(0 0.04325 0.001)
(0.002 0.04325 0.001)
(0 0.04325 -0.001)
(0.002 0.04325 -0.001)
(0 0.0435 0.001)
(0.002 0.0435 0.001)
(0 0.0435 -0.001)
(0.002 0.0435 -0.001)
(0 0.04375 0.001)
(0.002 0.04375 0.001)
(0 0.04375 -0.001)
(0.002 0.04375 -0.001)
(0 0.044 0.001)
(0.002 0.044 0.001)
(0 0.044 -0.001)
(0.002 0.044 -0.001)
(0 0.04425 0.001)
(0.002 0.04425 0.001)
(0 0.04425 -0.001)
(0.002 0.04425 -0.001)
(0 0.0445 0.001)
(0.002 0.0445 0.001)
(0 0.0445 -0.001)
(0.002 0.0445 -0.001)
(0 0.04475 0.001)
(0.002 0.04475 0.001)
(0 0.04475 -0.001)
(0.002 0.04475 -0.001)
(0 0.045 0.001)
(0.002 0.045 0.001)
(0 0.045 -0.001)
(0.002 0.045 -0.001)
(0 0.04525 0.001)
(0.002 0.04525 0.001)
(0 0.04525 -0.001)
(0.002 0.04525 -0.001)
(0 0.0455 0.001)
(0.002 0.0455 0.001)
(0 0.0455 -0.001)
(0.002 0.0455 -0.001)
(0 0.04575 0.001)
(0.002 0.04575 0.001)
(0 0.04575 -0.001)
(0.002 0.04575 -0.001)
(0 0.046 0.001)
(0.002 0.046 0.001)
(0 0.046 -0.001)
(0.002 0.046 -0.001)
(0 0.04625 0.001)
(0.002 0.04625 0.001)
(0 0.04625 -0.001)
(0.002 0.04625 -0.001)
(0 0.0465 0.001)
(0.002 0.0465 0.001)
(0 0.0465 -0.001)
(0.002 0.0465 -0.001)
(0 0.04675 0.001)
(0.002 0.04675 0.001)
(0 0.04675 -0.001)
(0.002 0.04675 -0.001)
(0 0.047 0.001)
(0.002 0.047 0.001)
(0 0.047 -0.001)
(0.002 0.047 -0.001)
(0 0.04725 0.001)
(0.002 0.04725 0.001)
(0 0.04725 -0.001)
(0.002 0.04725 -0.001)
(0 0.0475 0.001)
(0.002 0.0475 0.001)
(0 0.0475 -0.001)
(0.002 0.0475 -0.001)
(0 0.04775 0.001)
(0.002 0.04775 0.001)
(0 0.04775 -0.001)
(0.002 0.04775 -0.001)
(0 0.048 0.001)
(0.002 0.048 0.001)
(0 0.048 -0.001)
(0.002 0.048 -0.001)
(0 0.04825 0.001)
(0.002 0.04825 0.001)
(0 0.04825 -0.001)
(0.002 0.04825 -0.001)
(0 0.0485 0.001)
(0.002 0.0485 0.001)
(0 0.0485 -0.001)
(0.002 0.0485 -0.001)
(0 0.04875 0.001)
(0.002 0.04875 0.001)
(0 0.04875 -0.001)
(0.002 0.04875 -0.001)
(0 0.049 0.001)
(0.002 0.049 0.001)
(0 0.049 -0.001)
(0.002 0.049 -0.001)
(0 0.04925 0.001)
(0.002 0.04925 0.001)
(0 0.04925 -0.001)
(0.002 0.04925 -0.001)
(0 0.0495 0.001)
(0.002 0.0495 0.001)
(0 0.0495 -0.001)
(0.002 0.0495 -0.001)
(0 0.04975 0.001)
(0.002 0.04975 0.001)
(0 0.04975 -0.001)
(0.002 0.04975 -0.001)
(0 0.05 0.001)
(0.002 0.05 0.001)
(0 0.05 -0.001)
(0.002 0.05 -0.001)
(0 0.05025 0.001)
(0.002 0.05025 0.001)
(0 0.05025 -0.001)
(0.002 0.05025 -0.001)
(0 0.0505 0.001)
(0.002 0.0505 0.001)
(0 0.0505 -0.001)
(0.002 0.0505 -0.001)
(0 0.05075 0.001)
(0.002 0.05075 0.001)
(0 0.05075 -0.001)
(0.002 0.05075 -0.001)
(0 0.051 0.001)
(0.002 0.051 0.001)
(0 0.051 -0.001)
(0.002 0.051 -0.001)
(0 0.05125 0.001)
(0.002 0.05125 0.001)
(0 0.05125 -0.001)
(0.002 0.05125 -0.001)
(0 0.0515 0.001)
(0.002 0.0515 0.001)
(0 0.0515 -0.001)
(0.002 0.0515 -0.001)
(0 0.05175 0.001)
(0.002 0.05175 0.001)
(0 0.05175 -0.001)
(0.002 0.05175 -0.001)
(0 0.052 0.001)
(0.002 0.052 0.001)
(0 0.052 -0.001)
(0.002 0.052 -0.001)
(0 0.05225 0.001)
(0.002 0.05225 0.001)
(0 0.05225 -0.001)
(0.002 0.05225 -0.001)
(0 0.0525 0.001)
(0.002 0.0525 0.001)
(0 0.0525 -0.001)
(0.002 0.0525 -0.001)
(0 0.05275 0.001)
(0.002 0.05275 0.001)
(0 0.05275 -0.001)
(0.002 0.05275 -0.001)
(0 0.053 0.001)
(0.002 0.053 0.001)
(0 0.053 -0.001)
(0.002 0.053 -0.001)
(0 0.05325 0.001)
(0.002 0.05325 0.001)
(0 0.05325 -0.001)
(0.002 0.05325 -0.001)
(0 0.0535 0.001)
(0.002 0.0535 0.001)
(0 0.0535 -0.001)
(0.002 0.0535 -0.001)
(0 0.05375 0.001)
(0.002 0.05375 0.001)
(0 0.05375 -0.001)
(0.002 0.05375 -0.001)
(0 0.054 0.001)
(0.002 0.054 0.001)
(0 0.054 -0.001)
(0.002 0.054 -0.001)
(0 0.05425 0.001)
(0.002 0.05425 0.001)
(0 0.05425 -0.001)
(0.002 0.05425 -0.001)
(0 0.0545 0.001)
(0.002 0.0545 0.001)
(0 0.0545 -0.001)
(0.002 0.0545 -0.001)
(0 0.05475 0.001)
(0.002 0.05475 0.001)
(0 0.05475 -0.001)
(0.002 0.05475 -0.001)
(0 0.055 0.001)
(0.002 0.055 0.001)
(0 0.055 -0.001)
(0.002 0.055 -0.001)
(0 0.05525 0.001)
(0.002 0.05525 0.001)
(0 0.05525 -0.001)
(0.002 0.05525 -0.001)
(0 0.0555 0.001)
(0.002 0.0555 0.001)
(0 0.0555 -0.001)
(0.002 0.0555 -0.001)
(0 0.05575 0.001)
(0.002 0.05575 0.001)
(0 0.05575 -0.001)
(0.002 0.05575 -0.001)
(0 0.056 0.001)
(0.002 0.056 0.001)
(0 0.056 -0.001)
(0.002 0.056 -0.001)
(0 0.05625 0.001)
(0.002 0.05625 0.001)
(0 0.05625 -0.001)
(0.002 0.05625 -0.001)
(0 0.0565 0.001)
(0.002 0.0565 0.001)
(0 0.0565 -0.001)
(0.002 0.0565 -0.001)
(0 0.05675 0.001)
(0.002 0.05675 0.001)
(0 0.05675 -0.001)
(0.002 0.05675 -0.001)
(0 0.057 0.001)
(0.002 0.057 0.001)
(0 0.057 -0.001)
(0.002 0.057 -0.001)
(0 0.05725 0.001)
(0.002 0.05725 0.001)
(0 0.05725 -0.001)
(0.002 0.05725 -0.001)
(0 0.0575 0.001)
(0.002 0.0575 0.001)
(0 0.0575 -0.001)
(0.002 0.0575 -0.001)
(0 0.05775 0.001)
(0.002 0.05775 0.001)
(0 0.05775 -0.001)
(0.002 0.05775 -0.001)
(0 0.058 0.001)
(0.002 0.058 0.001)
(0 0.058 -0.001)
(0.002 0.058 -0.001)
(0 0.05825 0.001)
(0.002 0.05825 0.001)
(0 0.05825 -0.001)
(0.002 0.05825 -0.001)
(0 0.0585 0.001)
(0.002 0.0585 0.001)
(0 0.0585 -0.001)
(0.002 0.0585 -0.001)
(0 0.05875 0.001)
(0.002 0.05875 0.001)
(0 0.05875 -0.001)
(0.002 0.05875 -0.001)
(0 0.059 0.001)
(0.002 0.059 0.001)
(0 0.059 -0.001)
(0.002 0.059 -0.001)
(0 0.05925 0.001)
(0.002 0.05925 0.001)
(0 0.05925 -0.001)
(0.002 0.05925 -0.001)
(0 0.0595 0.001)
(0.002 0.0595 0.001)
(0 0.0595 -0.001)
(0.002 0.0595 -0.001)
(0 0.05975 0.001)
(0.002 0.05975 0.001)
(0 0.05975 -0.001)
(0.002 0.05975 -0.001)
(0 0.06 0.001)
(0.002 0.06 0.001)
(0 0.06 -0.001)
(0.002 0.06 -0.001)
(0 0.06025 0.001)
(0.002 0.06025 0.001)
(0 0.06025 -0.001)
(0.002 0.06025 -0.001)
(0 0.0605 0.001)
(0.002 0.0605 0.001)
(0 0.0605 -0.001)
(0.002 0.0605 -0.001)
(0 0.06075 0.001)
(0.002 0.06075 0.001)
(0 0.06075 -0.001)
(0.002 0.06075 -0.001)
(0 0.061 0.001)
(0.002 0.061 0.001)
(0 0.061 -0.001)
(0.002 0.061 -0.001)
(0 0.06125 0.001)
(0.002 0.06125 0.001)
(0 0.06125 -0.001)
(0.002 0.06125 -0.001)
(0 0.0615 0.001)
(0.002 0.0615 0.001)
(0 0.0615 -0.001)
(0.002 0.0615 -0.001)
(0 0.06175 0.001)
(0.002 0.06175 0.001)
(0 0.06175 -0.001)
(0.002 0.06175 -0.001)
(0 0.062 0.001)
(0.002 0.062 0.001)
(0 0.062 -0.001)
(0.002 0.062 -0.001)
(0 0.06225 0.001)
(0.002 0.06225 0.001)
(0 0.06225 -0.001)
(0.002 0.06225 -0.001)
(0 0.0625 0.001)
(0.002 0.0625 0.001)
(0 0.0625 -0.001)
(0.002 0.0625 -0.001)
(0 0.06275 0.001)
(0.002 0.06275 0.001)
(0 0.06275 -0.001)
(0.002 0.06275 -0.001)
(0 0.063 0.001)
(0.002 0.063 0.001)
(0 0.063 -0.001)
(0.002 0.063 -0.001)
(0 0.06325 0.001)
(0.002 0.06325 0.001)
(0 0.06325 -0.001)
(0.002 0.06325 -0.001)
(0 0.0635 0.001)
(0.002 0.0635 0.001)
(0 0.0635 -0.001)
(0.002 0.0635 -0.001)
(0 0.06375 0.001)
(0.002 0.06375 0.001)
(0 0.06375 -0.001)
(0.002 0.06375 -0.001)
(0 0.064 0.001)
(0.002 0.064 0.001)
(0 0.064 -0.001)
(0.002 0.064 -0.001)
(0 0.06425 0.001)
(0.002 0.06425 0.001)
(0 0.06425 -0.001)
(0.002 0.06425 -0.001)
(0 0.0645 0.001)
(0.002 0.0645 0.001)
(0 0.0645 -0.001)
(0.002 0.0645 -0.001)
(0 0.06475 0.001)
(0.002 0.06475 0.001)
(0 0.06475 -0.001)
(0.002 0.06475 -0.001)
(0 0.065 0.001)
(0.002 0.065 0.001)
(0 0.065 -0.001)
(0.002 0.065 -0.001)
(0 0.06525 0.001)
(0.002 0.06525 0.001)
(0 0.06525 -0.001)
(0.002 0.06525 -0.001)
(0 0.0655 0.001)
(0.002 0.0655 0.001)
(0 0.0655 -0.001)
(0.002 0.0655 -0.001)
(0 0.06575 0.001)
(0.002 0.06575 0.001)
(0 0.06575 -0.001)
(0.002 0.06575 -0.001)
(0 0.066 0.001)
(0.002 0.066 0.001)
(0 0.066 -0.001)
(0.002 0.066 -0.001)
(0 0.06625 0.001)
(0.002 0.06625 0.001)
(0 0.06625 -0.001)
(0.002 0.06625 -0.001)
(0 0.0665 0.001)
(0.002 0.0665 0.001)
(0 0.0665 -0.001)
(0.002 0.0665 -0.001)
(0 0.06675 0.001)
(0.002 0.06675 0.001)
(0 0.06675 -0.001)
(0.002 0.06675 -0.001)
(0 0.067 0.001)
(0.002 0.067 0.001)
(0 0.067 -0.001)
(0.002 0.067 -0.001)
(0 0.06725 0.001)
(0.002 0.06725 0.001)
(0 0.06725 -0.001)
(0.002 0.06725 -0.001)
(0 0.0675 0.001)
(0.002 0.0675 0.001)
(0 0.0675 -0.001)
(0.002 0.0675 -0.001)
(0 0.06775 0.001)
(0.002 0.06775 0.001)
(0 0.06775 -0.001)
(0.002 0.06775 -0.001)
(0 0.068 0.001)
(0.002 0.068 0.001)
(0 0.068 -0.001)
(0.002 0.068 -0.001)
(0 0.06825 0.001)
(0.002 0.06825 0.001)
(0 0.06825 -0.001)
(0.002 0.06825 -0.001)
(0 0.0685 0.001)
(0.002 0.0685 0.001)
(0 0.0685 -0.001)
(0.002 0.0685 -0.001)
(0 0.06875 0.001)
(0.002 0.06875 0.001)
(0 0.06875 -0.001)
(0.002 0.06875 -0.001)
(0 0.069 0.001)
(0.002 0.069 0.001)
(0 0.069 -0.001)
(0.002 0.069 -0.001)
(0 0.06925 0.001)
(0.002 0.06925 0.001)
(0 0.06925 -0.001)
(0.002 0.06925 -0.001)
(0 0.0695 0.001)
(0.002 0.0695 0.001)
(0 0.0695 -0.001)
(0.002 0.0695 -0.001)
(0 0.06975 0.001)
(0.002 0.06975 0.001)
(0 0.06975 -0.001)
(0.002 0.06975 -0.001)
(0 0.07 0.001)
(0.002 0.07 0.001)
(0 0.07 -0.001)
(0.002 0.07 -0.001)
(0 0.07025 0.001)
(0.002 0.07025 0.001)
(0 0.07025 -0.001)
(0.002 0.07025 -0.001)
(0 0.0705 0.001)
(0.002 0.0705 0.001)
(0 0.0705 -0.001)
(0.002 0.0705 -0.001)
(0 0.07075 0.001)
(0.002 0.07075 0.001)
(0 0.07075 -0.001)
(0.002 0.07075 -0.001)
(0 0.071 0.001)
(0.002 0.071 0.001)
(0 0.071 -0.001)
(0.002 0.071 -0.001)
(0 0.07125 0.001)
(0.002 0.07125 0.001)
(0 0.07125 -0.001)
(0.002 0.07125 -0.001)
(0 0.0715 0.001)
(0.002 0.0715 0.001)
(0 0.0715 -0.001)
(0.002 0.0715 -0.001)
(0 0.07175 0.001)
(0.002 0.07175 0.001)
(0 0.07175 -0.001)
(0.002 0.07175 -0.001)
(0 0.072 0.001)
(0.002 0.072 0.001)
(0 0.072 -0.001)
(0.002 0.072 -0.001)
(0 0.07225 0.001)
(0.002 0.07225 0.001)
(0 0.07225 -0.001)
(0.002 0.07225 -0.001)
(0 0.0725 0.001)
(0.002 0.0725 0.001)
(0 0.0725 -0.001)
(0.002 0.0725 -0.001)
(0 0.07275 0.001)
(0.002 0.07275 0.001)
(0 0.07275 -0.001)
(0.002 0.07275 -0.001)
(0 0.073 0.001)
(0.002 0.073 0.001)
(0 0.073 -0.001)
(0.002 0.073 -0.001)
(0 0.07325 0.001)
(0.002 0.07325 0.001)
(0 0.07325 -0.001)
(0.002 0.07325 -0.001)
(0 0.0735 0.001)
(0.002 0.0735 0.001)
(0 0.0735 -0.001)
(0.002 0.0735 -0.001)
(0 0.07375 0.001)
(0.002 0.07375 0.001)
(0 0.07375 -0.001)
(0.002 0.07375 -0.001)
(0 0.074 0.001)
(0.002 0.074 0.001)
(0 0.074 -0.001)
(0.002 0.074 -0.001)
(0 0.07425 0.001)
(0.002 0.07425 0.001)
(0 0.07425 -0.001)
(0.002 0.07425 -0.001)
(0 0.0745 0.001)
(0.002 0.0745 0.001)
(0 0.0745 -0.001)
(0.002 0.0745 -0.001)
(0 0.07475 0.001)
(0.002 0.07475 0.001)
(0 0.07475 -0.001)
(0.002 0.07475 -0.001)
(0 0.075 0.001)
(0.002 0.075 0.001)
(0 0.075 -0.001)
(0.002 0.075 -0.001)
(0 0.07525 0.001)
(0.002 0.07525 0.001)
(0 0.07525 -0.001)
(0.002 0.07525 -0.001)
(0 0.0755 0.001)
(0.002 0.0755 0.001)
(0 0.0755 -0.001)
(0.002 0.0755 -0.001)
(0 0.07575 0.001)
(0.002 0.07575 0.001)
(0 0.07575 -0.001)
(0.002 0.07575 -0.001)
(0 0.076 0.001)
(0.002 0.076 0.001)
(0 0.076 -0.001)
(0.002 0.076 -0.001)
(0 0.07625 0.001)
(0.002 0.07625 0.001)
(0 0.07625 -0.001)
(0.002 0.07625 -0.001)
(0 0.0765 0.001)
(0.002 0.0765 0.001)
(0 0.0765 -0.001)
(0.002 0.0765 -0.001)
(0 0.07675 0.001)
(0.002 0.07675 0.001)
(0 0.07675 -0.001)
(0.002 0.07675 -0.001)
(0 0.077 0.001)
(0.002 0.077 0.001)
(0 0.077 -0.001)
(0.002 0.077 -0.001)
(0 0.07725 0.001)
(0.002 0.07725 0.001)
(0 0.07725 -0.001)
(0.002 0.07725 -0.001)
(0 0.0775 0.001)
(0.002 0.0775 0.001)
(0 0.0775 -0.001)
(0.002 0.0775 -0.001)
(0 0.07775 0.001)
(0.002 0.07775 0.001)
(0 0.07775 -0.001)
(0.002 0.07775 -0.001)
(0 0.078 0.001)
(0.002 0.078 0.001)
(0 0.078 -0.001)
(0.002 0.078 -0.001)
(0 0.07825 0.001)
(0.002 0.07825 0.001)
(0 0.07825 -0.001)
(0.002 0.07825 -0.001)
(0 0.0785 0.001)
(0.002 0.0785 0.001)
(0 0.0785 -0.001)
(0.002 0.0785 -0.001)
(0 0.07875 0.001)
(0.002 0.07875 0.001)
(0 0.07875 -0.001)
(0.002 0.07875 -0.001)
(0 0.079 0.001)
(0.002 0.079 0.001)
(0 0.079 -0.001)
(0.002 0.079 -0.001)
(0 0.07925 0.001)
(0.002 0.07925 0.001)
(0 0.07925 -0.001)
(0.002 0.07925 -0.001)
(0 0.0795 0.001)
(0.002 0.0795 0.001)
(0 0.0795 -0.001)
(0.002 0.0795 -0.001)
(0 0.07975 0.001)
(0.002 0.07975 0.001)
(0 0.07975 -0.001)
(0.002 0.07975 -0.001)
(0 0.08 0.001)
(0.002 0.08 0.001)
(0 0.08 -0.001)
(0.002 0.08 -0.001)
(0 0.08025 0.001)
(0.002 0.08025 0.001)
(0 0.08025 -0.001)
(0.002 0.08025 -0.001)
(0 0.0805 0.001)
(0.002 0.0805 0.001)
(0 0.0805 -0.001)
(0.002 0.0805 -0.001)
(0 0.08075 0.001)
(0.002 0.08075 0.001)
(0 0.08075 -0.001)
(0.002 0.08075 -0.001)
(0 0.081 0.001)
(0.002 0.081 0.001)
(0 0.081 -0.001)
(0.002 0.081 -0.001)
(0 0.08125 0.001)
(0.002 0.08125 0.001)
(0 0.08125 -0.001)
(0.002 0.08125 -0.001)
(0 0.0815 0.001)
(0.002 0.0815 0.001)
(0 0.0815 -0.001)
(0.002 0.0815 -0.001)
(0 0.08175 0.001)
(0.002 0.08175 0.001)
(0 0.08175 -0.001)
(0.002 0.08175 -0.001)
(0 0.082 0.001)
(0.002 0.082 0.001)
(0 0.082 -0.001)
(0.002 0.082 -0.001)
(0 0.08225 0.001)
(0.002 0.08225 0.001)
(0 0.08225 -0.001)
(0.002 0.08225 -0.001)
(0 0.0825 0.001)
(0.002 0.0825 0.001)
(0 0.0825 -0.001)
(0.002 0.0825 -0.001)
(0 0.08275 0.001)
(0.002 0.08275 0.001)
(0 0.08275 -0.001)
(0.002 0.08275 -0.001)
(0 0.083 0.001)
(0.002 0.083 0.001)
(0 0.083 -0.001)
(0.002 0.083 -0.001)
(0 0.08325 0.001)
(0.002 0.08325 0.001)
(0 0.08325 -0.001)
(0.002 0.08325 -0.001)
(0 0.0835 0.001)
(0.002 0.0835 0.001)
(0 0.0835 -0.001)
(0.002 0.0835 -0.001)
(0 0.08375 0.001)
(0.002 0.08375 0.001)
(0 0.08375 -0.001)
(0.002 0.08375 -0.001)
(0 0.084 0.001)
(0.002 0.084 0.001)
(0 0.084 -0.001)
(0.002 0.084 -0.001)
(0 0.08425 0.001)
(0.002 0.08425 0.001)
(0 0.08425 -0.001)
(0.002 0.08425 -0.001)
(0 0.0845 0.001)
(0.002 0.0845 0.001)
(0 0.0845 -0.001)
(0.002 0.0845 -0.001)
(0 0.08475 0.001)
(0.002 0.08475 0.001)
(0 0.08475 -0.001)
(0.002 0.08475 -0.001)
(0 0.085 0.001)
(0.002 0.085 0.001)
(0 0.085 -0.001)
(0.002 0.085 -0.001)
(0 0.08525 0.001)
(0.002 0.08525 0.001)
(0 0.08525 -0.001)
(0.002 0.08525 -0.001)
(0 0.0855 0.001)
(0.002 0.0855 0.001)
(0 0.0855 -0.001)
(0.002 0.0855 -0.001)
(0 0.08575 0.001)
(0.002 0.08575 0.001)
(0 0.08575 -0.001)
(0.002 0.08575 -0.001)
(0 0.086 0.001)
(0.002 0.086 0.001)
(0 0.086 -0.001)
(0.002 0.086 -0.001)
(0 0.08625 0.001)
(0.002 0.08625 0.001)
(0 0.08625 -0.001)
(0.002 0.08625 -0.001)
(0 0.0865 0.001)
(0.002 0.0865 0.001)
(0 0.0865 -0.001)
(0.002 0.0865 -0.001)
(0 0.08675 0.001)
(0.002 0.08675 0.001)
(0 0.08675 -0.001)
(0.002 0.08675 -0.001)
(0 0.087 0.001)
(0.002 0.087 0.001)
(0 0.087 -0.001)
(0.002 0.087 -0.001)
(0 0.08725 0.001)
(0.002 0.08725 0.001)
(0 0.08725 -0.001)
(0.002 0.08725 -0.001)
(0 0.0875 0.001)
(0.002 0.0875 0.001)
(0 0.0875 -0.001)
(0.002 0.0875 -0.001)
(0 0.08775 0.001)
(0.002 0.08775 0.001)
(0 0.08775 -0.001)
(0.002 0.08775 -0.001)
(0 0.088 0.001)
(0.002 0.088 0.001)
(0 0.088 -0.001)
(0.002 0.088 -0.001)
(0 0.08825 0.001)
(0.002 0.08825 0.001)
(0 0.08825 -0.001)
(0.002 0.08825 -0.001)
(0 0.0885 0.001)
(0.002 0.0885 0.001)
(0 0.0885 -0.001)
(0.002 0.0885 -0.001)
(0 0.08875 0.001)
(0.002 0.08875 0.001)
(0 0.08875 -0.001)
(0.002 0.08875 -0.001)
(0 0.089 0.001)
(0.002 0.089 0.001)
(0 0.089 -0.001)
(0.002 0.089 -0.001)
(0 0.08925 0.001)
(0.002 0.08925 0.001)
(0 0.08925 -0.001)
(0.002 0.08925 -0.001)
(0 0.0895 0.001)
(0.002 0.0895 0.001)
(0 0.0895 -0.001)
(0.002 0.0895 -0.001)
(0 0.08975 0.001)
(0.002 0.08975 0.001)
(0 0.08975 -0.001)
(0.002 0.08975 -0.001)
(0 0.09 0.001)
(0.002 0.09 0.001)
(0 0.09 -0.001)
(0.002 0.09 -0.001)
(0 0.09025 0.001)
(0.002 0.09025 0.001)
(0 0.09025 -0.001)
(0.002 0.09025 -0.001)
(0 0.0905 0.001)
(0.002 0.0905 0.001)
(0 0.0905 -0.001)
(0.002 0.0905 -0.001)
(0 0.09075 0.001)
(0.002 0.09075 0.001)
(0 0.09075 -0.001)
(0.002 0.09075 -0.001)
(0 0.091 0.001)
(0.002 0.091 0.001)
(0 0.091 -0.001)
(0.002 0.091 -0.001)
(0 0.09125 0.001)
(0.002 0.09125 0.001)
(0 0.09125 -0.001)
(0.002 0.09125 -0.001)
(0 0.0915 0.001)
(0.002 0.0915 0.001)
(0 0.0915 -0.001)
(0.002 0.0915 -0.001)
(0 0.09175 0.001)
(0.002 0.09175 0.001)
(0 0.09175 -0.001)
(0.002 0.09175 -0.001)
(0 0.092 0.001)
(0.002 0.092 0.001)
(0 0.092 -0.001)
(0.002 0.092 -0.001)
(0 0.09225 0.001)
(0.002 0.09225 0.001)
(0 0.09225 -0.001)
(0.002 0.09225 -0.001)
(0 0.0925 0.001)
(0.002 0.0925 0.001)
(0 0.0925 -0.001)
(0.002 0.0925 -0.001)
(0 0.09275 0.001)
(0.002 0.09275 0.001)
(0 0.09275 -0.001)
(0.002 0.09275 -0.001)
(0 0.093 0.001)
(0.002 0.093 0.001)
(0 0.093 -0.001)
(0.002 0.093 -0.001)
(0 0.09325 0.001)
(0.002 0.09325 0.001)
(0 0.09325 -0.001)
(0.002 0.09325 -0.001)
(0 0.0935 0.001)
(0.002 0.0935 0.001)
(0 0.0935 -0.001)
(0.002 0.0935 -0.001)
(0 0.09375 0.001)
(0.002 0.09375 0.001)
(0 0.09375 -0.001)
(0.002 0.09375 -0.001)
(0 0.094 0.001)
(0.002 0.094 0.001)
(0 0.094 -0.001)
(0.002 0.094 -0.001)
(0 0.09425 0.001)
(0.002 0.09425 0.001)
(0 0.09425 -0.001)
(0.002 0.09425 -0.001)
(0 0.0945 0.001)
(0.002 0.0945 0.001)
(0 0.0945 -0.001)
(0.002 0.0945 -0.001)
(0 0.09475 0.001)
(0.002 0.09475 0.001)
(0 0.09475 -0.001)
(0.002 0.09475 -0.001)
(0 0.095 0.001)
(0.002 0.095 0.001)
(0 0.095 -0.001)
(0.002 0.095 -0.001)
(0 0.09525 0.001)
(0.002 0.09525 0.001)
(0 0.09525 -0.001)
(0.002 0.09525 -0.001)
(0 0.0955 0.001)
(0.002 0.0955 0.001)
(0 0.0955 -0.001)
(0.002 0.0955 -0.001)
(0 0.09575 0.001)
(0.002 0.09575 0.001)
(0 0.09575 -0.001)
(0.002 0.09575 -0.001)
(0 0.096 0.001)
(0.002 0.096 0.001)
(0 0.096 -0.001)
(0.002 0.096 -0.001)
(0 0.09625 0.001)
(0.002 0.09625 0.001)
(0 0.09625 -0.001)
(0.002 0.09625 -0.001)
(0 0.0965 0.001)
(0.002 0.0965 0.001)
(0 0.0965 -0.001)
(0.002 0.0965 -0.001)
(0 0.09675 0.001)
(0.002 0.09675 0.001)
(0 0.09675 -0.001)
(0.002 0.09675 -0.001)
(0 0.097 0.001)
(0.002 0.097 0.001)
(0 0.097 -0.001)
(0.002 0.097 -0.001)
(0 0.09725 0.001)
(0.002 0.09725 0.001)
(0 0.09725 -0.001)
(0.002 0.09725 -0.001)
(0 0.0975 0.001)
(0.002 0.0975 0.001)
(0 0.0975 -0.001)
(0.002 0.0975 -0.001)
(0 0.09775 0.001)
(0.002 0.09775 0.001)
(0 0.09775 -0.001)
(0.002 0.09775 -0.001)
(0 0.098 0.001)
(0.002 0.098 0.001)
(0 0.098 -0.001)
(0.002 0.098 -0.001)
(0 0.09825 0.001)
(0.002 0.09825 0.001)
(0 0.09825 -0.001)
(0.002 0.09825 -0.001)
(0 0.0985 0.001)
(0.002 0.0985 0.001)
(0 0.0985 -0.001)
(0.002 0.0985 -0.001)
(0 0.09875 0.001)
(0.002 0.09875 0.001)
(0 0.09875 -0.001)
(0.002 0.09875 -0.001)
(0 0.099 0.001)
(0.002 0.099 0.001)
(0 0.099 -0.001)
(0.002 0.099 -0.001)
(0 0.09925 0.001)
(0.002 0.09925 0.001)
(0 0.09925 -0.001)
(0.002 0.09925 -0.001)
(0 0.0995 0.001)
(0.002 0.0995 0.001)
(0 0.0995 -0.001)
(0.002 0.0995 -0.001)
(0 0.09975 0.001)
(0.002 0.09975 0.001)
(0 0.09975 -0.001)
(0.002 0.09975 -0.001)
(0 0.1 0.001)
(0.002 0.1 0.001)
(0 0.1 -0.001)
(0.002 0.1 -0.001)
(0 0.100250428 0.001)
(0.002 0.100250428 0.001)
(0 0.100250428 -0.001)
(0.002 0.100250428 -0.001)
(0 0.1005033732 0.001)
(0.002 0.1005033732 0.001)
(0 0.1005033732 -0.001)
(0.002 0.1005033732 -0.001)
(0 0.1007588608 0.001)
(0.002 0.1007588608 0.001)
(0 0.1007588608 -0.001)
(0.002 0.1007588608 -0.001)
(0 0.1010169164 0.001)
(0.002 0.1010169164 0.001)
(0 0.1010169164 -0.001)
(0.002 0.1010169164 -0.001)
(0 0.1012775659 0.001)
(0.002 0.1012775659 0.001)
(0 0.1012775659 -0.001)
(0.002 0.1012775659 -0.001)
(0 0.1015408351 0.001)
(0.002 0.1015408351 0.001)
(0 0.1015408351 -0.001)
(0.002 0.1015408351 -0.001)
(0 0.1018067507 0.001)
(0.002 0.1018067507 0.001)
(0 0.1018067507 -0.001)
(0.002 0.1018067507 -0.001)
(0 0.102075339 0.001)
(0.002 0.102075339 0.001)
(0 0.102075339 -0.001)
(0.002 0.102075339 -0.001)
(0 0.102346627 0.001)
(0.002 0.102346627 0.001)
(0 0.102346627 -0.001)
(0.002 0.102346627 -0.001)
(0 0.1026206418 0.001)
(0.002 0.1026206418 0.001)
(0 0.1026206418 -0.001)
(0.002 0.1026206418 -0.001)
(0 0.1028974108 0.001)
(0.002 0.1028974108 0.001)
(0 0.1028974108 -0.001)
(0.002 0.1028974108 -0.001)
(0 0.1031769617 0.001)
(0.002 0.1031769617 0.001)
(0 0.1031769617 -0.001)
(0.002 0.1031769617 -0.001)
(0 0.1034593225 0.001)
(0.002 0.1034593225 0.001)
(0 0.1034593225 -0.001)
(0.002 0.1034593225 -0.001)
(0 0.1037445214 0.001)
(0.002 0.1037445214 0.001)
(0 0.1037445214 -0.001)
(0.002 0.1037445214 -0.001)
(0 0.1040325869 0.001)
(0.002 0.1040325869 0.001)
(0 0.1040325869 -0.001)
(0.002 0.1040325869 -0.001)
(0 0.1043235479 0.001)
(0.002 0.1043235479 0.001)
(0 0.1043235479 -0.001)
(0.002 0.1043235479 -0.001)
(0 0.1046174334 0.001)
(0.002 0.1046174334 0.001)
(0 0.1046174334 -0.001)
(0.002 0.1046174334 -0.001)
(0 0.1049142728 0.001)
(0.002 0.1049142728 0.001)
(0 0.1049142728 -0.001)
(0.002 0.1049142728 -0.001)
(0 0.1052140959 0.001)
(0.002 0.1052140959 0.001)
(0 0.1052140959 -0.001)
(0.002 0.1052140959 -0.001)
(0 0.1055169327 0.001)
(0.002 0.1055169327 0.001)
(0 0.1055169327 -0.001)
(0.002 0.1055169327 -0.001)
(0 0.1058228133 0.001)
(0.002 0.1058228133 0.001)
(0 0.1058228133 -0.001)
(0.002 0.1058228133 -0.001)
(0 0.1061317685 0.001)
(0.002 0.1061317685 0.001)
(0 0.1061317685 -0.001)
(0.002 0.1061317685 -0.001)
(0 0.106443829 0.001)
(0.002 0.106443829 0.001)
(0 0.106443829 -0.001)
(0.002 0.106443829 -0.001)
(0 0.1067590262 0.001)
(0.002 0.1067590262 0.001)
(0 0.1067590262 -0.001)
(0.002 0.1067590262 -0.001)
(0 0.1070773916 0.001)
(0.002 0.1070773916 0.001)
(0 0.1070773916 -0.001)
(0.002 0.1070773916 -0.001)
(0 0.1073989569 0.001)
(0.002 0.1073989569 0.001)
(0 0.1073989569 -0.001)
(0.002 0.1073989569 -0.001)
(0 0.1077237545 0.001)
(0.002 0.1077237545 0.001)
(0 0.1077237545 -0.001)
(0.002 0.1077237545 -0.001)
(0 0.1080518166 0.001)
(0.002 0.1080518166 0.001)
(0 0.1080518166 -0.001)
(0.002 0.1080518166 -0.001)
(0 0.1083831763 0.001)
(0.002 0.1083831763 0.001)
(0 0.1083831763 -0.001)
(0.002 0.1083831763 -0.001)
(0 0.1087178665 0.001)
(0.002 0.1087178665 0.001)
(0 0.1087178665 -0.001)
(0.002 0.1087178665 -0.001)
(0 0.1090559209 0.001)
(0.002 0.1090559209 0.001)
(0 0.1090559209 -0.001)
(0.002 0.1090559209 -0.001)
(0 0.1093973731 0.001)
(0.002 0.1093973731 0.001)
(0 0.1093973731 -0.001)
(0.002 0.1093973731 -0.001)
(0 0.1097422574 0.001)
(0.002 0.1097422574 0.001)
(0 0.1097422574 -0.001)
(0.002 0.1097422574 -0.001)
(0 0.1100906083 0.001)
(0.002 0.1100906083 0.001)
(0 0.1100906083 -0.001)
(0.002 0.1100906083 -0.001)
(0 0.1104424605 0.001)
(0.002 0.1104424605 0.001)
(0 0.1104424605 -0.001)
(0.002 0.1104424605 -0.001)
(0 0.1107978494 0.001)
(0.002 0.1107978494 0.001)
(0 0.1107978494 -0.001)
(0.002 0.1107978494 -0.001)
(0 0.1111568103 0.001)
(0.002 0.1111568103 0.001)
(0 0.1111568103 -0.001)
(0.002 0.1111568103 -0.001)
(0 0.1115193793 0.001)
(0.002 0.1115193793 0.001)
(0 0.1115193793 -0.001)
(0.002 0.1115193793 -0.001)
(0 0.1118855927 0.001)
(0.002 0.1118855927 0.001)
(0 0.1118855927 -0.001)
(0.002 0.1118855927 -0.001)
(0 0.1122554869 0.001)
(0.002 0.1122554869 0.001)
(0 0.1122554869 -0.001)
(0.002 0.1122554869 -0.001)
(0 0.1126290991 0.001)
(0.002 0.1126290991 0.001)
(0 0.1126290991 -0.001)
(0.002 0.1126290991 -0.001)
(0 0.1130064666 0.001)
(0.002 0.1130064666 0.001)
(0 0.1130064666 -0.001)
(0.002 0.1130064666 -0.001)
(0 0.1133876272 0.001)
(0.002 0.1133876272 0.001)
(0 0.1133876272 -0.001)
(0.002 0.1133876272 -0.001)
(0 0.1137726189 0.001)
(0.002 0.1137726189 0.001)
(0 0.1137726189 -0.001)
(0.002 0.1137726189 -0.001)
(0 0.1141614803 0.001)
(0.002 0.1141614803 0.001)
(0 0.1141614803 -0.001)
(0.002 0.1141614803 -0.001)
(0 0.1145542503 0.001)
(0.002 0.1145542503 0.001)
(0 0.1145542503 -0.001)
(0.002 0.1145542503 -0.001)
(0 0.1149509682 0.001)
(0.002 0.1149509682 0.001)
(0 0.1149509682 -0.001)
(0.002 0.1149509682 -0.001)
(0 0.1153516736 0.001)
(0.002 0.1153516736 0.001)
(0 0.1153516736 -0.001)
(0.002 0.1153516736 -0.001)
(0 0.1157564066 0.001)
(0.002 0.1157564066 0.001)
(0 0.1157564066 -0.001)
(0.002 0.1157564066 -0.001)
(0 0.1161652078 0.001)
(0.002 0.1161652078 0.001)
(0 0.1161652078 -0.001)
(0.002 0.1161652078 -0.001)
(0 0.1165781179 0.001)
(0.002 0.1165781179 0.001)
(0 0.1165781179 -0.001)
(0.002 0.1165781179 -0.001)
(0 0.1169951784 0.001)
(0.002 0.1169951784 0.001)
(0 0.1169951784 -0.001)
(0.002 0.1169951784 -0.001)
(0 0.1174164308 0.001)
(0.002 0.1174164308 0.001)
(0 0.1174164308 -0.001)
(0.002 0.1174164308 -0.001)
(0 0.1178419175 0.001)
(0.002 0.1178419175 0.001)
(0 0.1178419175 -0.001)
(0.002 0.1178419175 -0.001)
(0 0.1182716808 0.001)
(0.002 0.1182716808 0.001)
(0 0.1182716808 -0.001)
(0.002 0.1182716808 -0.001)
(0 0.1187057639 0.001)
(0.002 0.1187057639 0.001)
(0 0.1187057639 -0.001)
(0.002 0.1187057639 -0.001)
(0 0.11914421 0.001)
(0.002 0.11914421 0.001)
(0 0.11914421 -0.001)
(0.002 0.11914421 -0.001)
(0 0.1195870632 0.001)
(0.002 0.1195870632 0.001)
(0 0.1195870632 -0.001)
(0.002 0.1195870632 -0.001)
(0 0.1200343676 0.001)
(0.002 0.1200343676 0.001)
(0 0.1200343676 -0.001)
(0.002 0.1200343676 -0.001)
(0 0.120486168 0.001)
(0.002 0.120486168 0.001)
(0 0.120486168 -0.001)
(0.002 0.120486168 -0.001)
(0 0.1209425096 0.001)
(0.002 0.1209425096 0.001)
(0 0.1209425096 -0.001)
(0.002 0.1209425096 -0.001)
(0 0.1214034381 0.001)
(0.002 0.1214034381 0.001)
(0 0.1214034381 -0.001)
(0.002 0.1214034381 -0.001)
(0 0.1218689996 0.001)
(0.002 0.1218689996 0.001)
(0 0.1218689996 -0.001)
(0.002 0.1218689996 -0.001)
(0 0.1223392405 0.001)
(0.002 0.1223392405 0.001)
(0 0.1223392405 -0.001)
(0.002 0.1223392405 -0.001)
(0 0.122814208 0.001)
(0.002 0.122814208 0.001)
(0 0.122814208 -0.001)
(0.002 0.122814208 -0.001)
(0 0.1232939496 0.001)
(0.002 0.1232939496 0.001)
(0 0.1232939496 -0.001)
(0.002 0.1232939496 -0.001)
(0 0.1237785132 0.001)
(0.002 0.1237785132 0.001)
(0 0.1237785132 -0.001)
(0.002 0.1237785132 -0.001)
(0 0.1242679473 0.001)
(0.002 0.1242679473 0.001)
(0 0.1242679473 -0.001)
(0.002 0.1242679473 -0.001)
(0 0.1247623009 0.001)
(0.002 0.1247623009 0.001)
(0 0.1247623009 -0.001)
(0.002 0.1247623009 -0.001)
(0 0.1252616234 0.001)
(0.002 0.1252616234 0.001)
(0 0.1252616234 -0.001)
(0.002 0.1252616234 -0.001)
(0 0.1257659648 0.001)
(0.002 0.1257659648 0.001)
(0 0.1257659648 -0.001)
(0.002 0.1257659648 -0.001)
(0 0.1262753755 0.001)
(0.002 0.1262753755 0.001)
(0 0.1262753755 -0.001)
(0.002 0.1262753755 -0.001)
(0 0.1267899065 0.001)
(0.002 0.1267899065 0.001)
(0 0.1267899065 -0.001)
(0.002 0.1267899065 -0.001)
(0 0.1273096092 0.001)
(0.002 0.1273096092 0.001)
(0 0.1273096092 -0.001)
(0.002 0.1273096092 -0.001)
(0 0.1278345356 0.001)
(0.002 0.1278345356 0.001)
(0 0.1278345356 -0.001)
(0.002 0.1278345356 -0.001)
(0 0.1283647382 0.001)
(0.002 0.1283647382 0.001)
(0 0.1283647382 -0.001)
(0.002 0.1283647382 -0.001)
(0 0.1289002701 0.001)
(0.002 0.1289002701 0.001)
(0 0.1289002701 -0.001)
(0.002 0.1289002701 -0.001)
(0 0.1294411848 0.001)
(0.002 0.1294411848 0.001)
(0 0.1294411848 -0.001)
(0.002 0.1294411848 -0.001)
(0 0.1299875364 0.001)
(0.002 0.1299875364 0.001)
(0 0.1299875364 -0.001)
(0.002 0.1299875364 -0.001)
(0 0.1305393796 0.001)
(0.002 0.1305393796 0.001)
(0 0.1305393796 -0.001)
(0.002 0.1305393796 -0.001)
(0 0.1310967695 0.001)
(0.002 0.1310967695 0.001)
(0 0.1310967695 -0.001)
(0.002 0.1310967695 -0.001)
(0 0.131659762 0.001)
(0.002 0.131659762 0.001)
(0 0.131659762 -0.001)
(0.002 0.131659762 -0.001)
(0 0.1322284133 0.001)
(0.002 0.1322284133 0.001)
(0 0.1322284133 -0.001)
(0.002 0.1322284133 -0.001)
(0 0.1328027803 0.001)
(0.002 0.1328027803 0.001)
(0 0.1328027803 -0.001)
(0.002 0.1328027803 -0.001)
(0 0.1333829205 0.001)
(0.002 0.1333829205 0.001)
(0 0.1333829205 -0.001)
(0.002 0.1333829205 -0.001)
(0 0.1339688918 0.001)
(0.002 0.1339688918 0.001)
(0 0.1339688918 -0.001)
(0.002 0.1339688918 -0.001)
(0 0.134560753 0.001)
(0.002 0.134560753 0.001)
(0 0.134560753 -0.001)
(0.002 0.134560753 -0.001)
(0 0.1351585632 0.001)
(0.002 0.1351585632 0.001)
(0 0.1351585632 -0.001)
(0.002 0.1351585632 -0.001)
(0 0.1357623821 0.001)
(0.002 0.1357623821 0.001)
(0 0.1357623821 -0.001)
(0.002 0.1357623821 -0.001)
(0 0.1363722703 0.001)
(0.002 0.1363722703 0.001)
(0 0.1363722703 -0.001)
(0.002 0.1363722703 -0.001)
(0 0.1369882887 0.001)
(0.002 0.1369882887 0.001)
(0 0.1369882887 -0.001)
(0.002 0.1369882887 -0.001)
(0 0.1376104988 0.001)
(0.002 0.1376104988 0.001)
(0 0.1376104988 -0.001)
(0.002 0.1376104988 -0.001)
(0 0.1382389631 0.001)
(0.002 0.1382389631 0.001)
(0 0.1382389631 -0.001)
(0.002 0.1382389631 -0.001)
(0 0.1388737442 0.001)
(0.002 0.1388737442 0.001)
(0 0.1388737442 -0.001)
(0.002 0.1388737442 -0.001)
(0 0.1395149057 0.001)
(0.002 0.1395149057 0.001)
(0 0.1395149057 -0.001)
(0.002 0.1395149057 -0.001)
(0 0.1401625118 0.001)
(0.002 0.1401625118 0.001)
(0 0.1401625118 -0.001)
(0.002 0.1401625118 -0.001)
(0 0.1408166272 0.001)
(0.002 0.1408166272 0.001)
(0 0.1408166272 -0.001)
(0.002 0.1408166272 -0.001)
(0 0.1414773174 0.001)
(0.002 0.1414773174 0.001)
(0 0.1414773174 -0.001)
(0.002 0.1414773174 -0.001)
(0 0.1421446483 0.001)
(0.002 0.1421446483 0.001)
(0 0.1421446483 -0.001)
(0.002 0.1421446483 -0.001)
(0 0.1428186869 0.001)
(0.002 0.1428186869 0.001)
(0 0.1428186869 -0.001)
(0.002 0.1428186869 -0.001)
(0 0.1434995004 0.001)
(0.002 0.1434995004 0.001)
(0 0.1434995004 -0.001)
(0.002 0.1434995004 -0.001)
(0 0.144187157 0.001)
(0.002 0.144187157 0.001)
(0 0.144187157 -0.001)
(0.002 0.144187157 -0.001)
(0 0.1448817255 0.001)
(0.002 0.1448817255 0.001)
(0 0.1448817255 -0.001)
(0.002 0.1448817255 -0.001)
(0 0.1455832754 0.001)
(0.002 0.1455832754 0.001)
(0 0.1455832754 -0.001)
(0.002 0.1455832754 -0.001)
(0 0.1462918767 0.001)
(0.002 0.1462918767 0.001)
(0 0.1462918767 -0.001)
(0.002 0.1462918767 -0.001)
(0 0.1470076005 0.001)
(0.002 0.1470076005 0.001)
(0 0.1470076005 -0.001)
(0.002 0.1470076005 -0.001)
(0 0.1477305183 0.001)
(0.002 0.1477305183 0.001)
(0 0.1477305183 -0.001)
(0.002 0.1477305183 -0.001)
(0 0.1484607023 0.001)
(0.002 0.1484607023 0.001)
(0 0.1484607023 -0.001)
(0.002 0.1484607023 -0.001)
(0 0.1491982257 0.001)
(0.002 0.1491982257 0.001)
(0 0.1491982257 -0.001)
(0.002 0.1491982257 -0.001)
(0 0.1499431622 0.001)
(0.002 0.1499431622 0.001)
(0 0.1499431622 -0.001)
(0.002 0.1499431622 -0.001)
(0 0.1506955863 0.001)
(0.002 0.1506955863 0.001)
(0 0.1506955863 -0.001)
(0.002 0.1506955863 -0.001)
(0 0.1514555733 0.001)
(0.002 0.1514555733 0.001)
(0 0.1514555733 -0.001)
(0.002 0.1514555733 -0.001)
(0 0.1522231992 0.001)
(0.002 0.1522231992 0.001)
(0 0.1522231992 -0.001)
(0.002 0.1522231992 -0.001)
(0 0.1529985407 0.001)
(0.002 0.1529985407 0.001)
(0 0.1529985407 -0.001)
(0.002 0.1529985407 -0.001)
(0 0.1537816755 0.001)
(0.002 0.1537816755 0.001)
(0 0.1537816755 -0.001)
(0.002 0.1537816755 -0.001)
(0 0.1545726818 0.001)
(0.002 0.1545726818 0.001)
(0 0.1545726818 -0.001)
(0.002 0.1545726818 -0.001)
(0 0.1553716389 0.001)
(0.002 0.1553716389 0.001)
(0 0.1553716389 -0.001)
(0.002 0.1553716389 -0.001)
(0 0.1561786265 0.001)
(0.002 0.1561786265 0.001)
(0 0.1561786265 -0.001)
(0.002 0.1561786265 -0.001)
(0 0.1569937254 0.001)
(0.002 0.1569937254 0.001)
(0 0.1569937254 -0.001)
(0.002 0.1569937254 -0.001)
(0 0.1578170172 0.001)
(0.002 0.1578170172 0.001)
(0 0.1578170172 -0.001)
(0.002 0.1578170172 -0.001)
(0 0.1586485841 0.001)
(0.002 0.1586485841 0.001)
(0 0.1586485841 -0.001)
(0.002 0.1586485841 -0.001)
(0 0.1594885094 0.001)
(0.002 0.1594885094 0.001)
(0 0.1594885094 -0.001)
(0.002 0.1594885094 -0.001)
(0 0.1603368772 0.001)
(0.002 0.1603368772 0.001)
(0 0.1603368772 -0.001)
(0.002 0.1603368772 -0.001)
(0 0.1611937721 0.001)
(0.002 0.1611937721 0.001)
(0 0.1611937721 -0.001)
(0.002 0.1611937721 -0.001)
(0 0.16205928 0.001)
(0.002 0.16205928 0.001)
(0 0.16205928 -0.001)
(0.002 0.16205928 -0.001)
(0 0.1629334874 0.001)
(0.002 0.1629334874 0.001)
(0 0.1629334874 -0.001)
(0.002 0.1629334874 -0.001)
(0 0.1638164818 0.001)
(0.002 0.1638164818 0.001)
(0 0.1638164818 -0.001)
(0.002 0.1638164818 -0.001)
(0 0.1647083515 0.001)
(0.002 0.1647083515 0.001)
(0 0.1647083515 -0.001)
(0.002 0.1647083515 -0.001)
(0 0.1656091856 0.001)
(0.002 0.1656091856 0.001)
(0 0.1656091856 -0.001)
(0.002 0.1656091856 -0.001)
(0 0.1665190744 0.001)
(0.002 0.1665190744 0.001)
(0 0.1665190744 -0.001)
(0.002 0.1665190744 -0.001)
(0 0.1674381087 0.001)
(0.002 0.1674381087 0.001)
(0 0.1674381087 -0.001)
(0.002 0.1674381087 -0.001)
(0 0.1683663806 0.001)
(0.002 0.1683663806 0.001)
(0 0.1683663806 -0.001)
(0.002 0.1683663806 -0.001)
(0 0.1693039829 0.001)
(0.002 0.1693039829 0.001)
(0 0.1693039829 -0.001)
(0.002 0.1693039829 -0.001)
(0 0.1702510093 0.001)
(0.002 0.1702510093 0.001)
(0 0.1702510093 -0.001)
(0.002 0.1702510093 -0.001)
(0 0.1712075547 0.001)
(0.002 0.1712075547 0.001)
(0 0.1712075547 -0.001)
(0.002 0.1712075547 -0.001)
(0 0.1721737146 0.001)
(0.002 0.1721737146 0.001)
(0 0.1721737146 -0.001)
(0.002 0.1721737146 -0.001)
(0 0.1731495857 0.001)
(0.002 0.1731495857 0.001)
(0 0.1731495857 -0.001)
(0.002 0.1731495857 -0.001)
(0 0.1741352656 0.001)
(0.002 0.1741352656 0.001)
(0 0.1741352656 -0.001)
(0.002 0.1741352656 -0.001)
(0 0.175130853 0.001)
(0.002 0.175130853 0.001)
(0 0.175130853 -0.001)
(0.002 0.175130853 -0.001)
(0 0.1761364473 0.001)
(0.002 0.1761364473 0.001)
(0 0.1761364473 -0.001)
(0.002 0.1761364473 -0.001)
(0 0.1771521492 0.001)
(0.002 0.1771521492 0.001)
(0 0.1771521492 -0.001)
(0.002 0.1771521492 -0.001)
(0 0.1781780603 0.001)
(0.002 0.1781780603 0.001)
(0 0.1781780603 -0.001)
(0.002 0.1781780603 -0.001)
(0 0.1792142832 0.001)
(0.002 0.1792142832 0.001)
(0 0.1792142832 -0.001)
(0.002 0.1792142832 -0.001)
(0 0.1802609215 0.001)
(0.002 0.1802609215 0.001)
(0 0.1802609215 -0.001)
(0.002 0.1802609215 -0.001)
(0 0.1813180799 0.001)
(0.002 0.1813180799 0.001)
(0 0.1813180799 -0.001)
(0.002 0.1813180799 -0.001)
(0 0.1823858642 0.001)
(0.002 0.1823858642 0.001)
(0 0.1823858642 -0.001)
(0.002 0.1823858642 -0.001)
(0 0.1834643812 0.001)
(0.002 0.1834643812 0.001)
(0 0.1834643812 -0.001)
(0.002 0.1834643812 -0.001)
(0 0.1845537387 0.001)
(0.002 0.1845537387 0.001)
(0 0.1845537387 -0.001)
(0.002 0.1845537387 -0.001)
(0 0.1856540458 0.001)
(0.002 0.1856540458 0.001)
(0 0.1856540458 -0.001)
(0.002 0.1856540458 -0.001)
(0 0.1867654124 0.001)
(0.002 0.1867654124 0.001)
(0 0.1867654124 -0.001)
(0.002 0.1867654124 -0.001)
(0 0.1878879497 0.001)
(0.002 0.1878879497 0.001)
(0 0.1878879497 -0.001)
(0.002 0.1878879497 -0.001)
(0 0.18902177 0.001)
(0.002 0.18902177 0.001)
(0 0.18902177 -0.001)
(0.002 0.18902177 -0.001)
(0 0.1901669868 0.001)
(0.002 0.1901669868 0.001)
(0 0.1901669868 -0.001)
(0.002 0.1901669868 -0.001)
(0 0.1913237146 0.001)
(0.002 0.1913237146 0.001)
(0 0.1913237146 -0.001)
(0.002 0.1913237146 -0.001)
(0 0.192492069 0.001)
(0.002 0.192492069 0.001)
(0 0.192492069 -0.001)
(0.002 0.192492069 -0.001)
(0 0.1936721669 0.001)
(0.002 0.1936721669 0.001)
(0 0.1936721669 -0.001)
(0.002 0.1936721669 -0.001)
(0 0.1948641264 0.001)
(0.002 0.1948641264 0.001)
(0 0.1948641264 -0.001)
(0.002 0.1948641264 -0.001)
(0 0.1960680668 0.001)
(0.002 0.1960680668 0.001)
(0 0.1960680668 -0.001)
(0.002 0.1960680668 -0.001)
(0 0.1972841083 0.001)
(0.002 0.1972841083 0.001)
(0 0.1972841083 -0.001)
(0.002 0.1972841083 -0.001)
(0 0.1985123727 0.001)
(0.002 0.1985123727 0.001)
(0 0.1985123727 -0.001)
(0.002 0.1985123727 -0.001)
(0 0.1997529828 0.001)
(0.002 0.1997529828 0.001)
(0 0.1997529828 -0.001)
(0.002 0.1997529828 -0.001)
(0 0.2010060627 0.001)
(0.002 0.2010060627 0.001)
(0 0.2010060627 -0.001)
(0.002 0.2010060627 -0.001)
(0 0.2022717378 0.001)
(0.002 0.2022717378 0.001)
(0 0.2022717378 -0.001)
(0.002 0.2022717378 -0.001)
(0 0.2035501346 0.001)
(0.002 0.2035501346 0.001)
(0 0.2035501346 -0.001)
(0.002 0.2035501346 -0.001)
(0 0.204841381 0.001)
(0.002 0.204841381 0.001)
(0 0.204841381 -0.001)
(0.002 0.204841381 -0.001)
(0 0.2061456062 0.001)
(0.002 0.2061456062 0.001)
(0 0.2061456062 -0.001)
(0.002 0.2061456062 -0.001)
(0 0.2074629406 0.001)
(0.002 0.2074629406 0.001)
(0 0.2074629406 -0.001)
(0.002 0.2074629406 -0.001)
(0 0.208793516 0.001)
(0.002 0.208793516 0.001)
(0 0.208793516 -0.001)
(0.002 0.208793516 -0.001)
(0 0.2101374654 0.001)
(0.002 0.2101374654 0.001)
(0 0.2101374654 -0.001)
(0.002 0.2101374654 -0.001)
(0 0.2114949234 0.001)
(0.002 0.2114949234 0.001)
(0 0.2114949234 -0.001)
(0.002 0.2114949234 -0.001)
(0 0.2128660256 0.001)
(0.002 0.2128660256 0.001)
(0 0.2128660256 -0.001)
(0.002 0.2128660256 -0.001)
(0 0.2142509093 0.001)
(0.002 0.2142509093 0.001)
(0 0.2142509093 -0.001)
(0.002 0.2142509093 -0.001)
(0 0.2156497129 0.001)
(0.002 0.2156497129 0.001)
(0 0.2156497129 -0.001)
(0.002 0.2156497129 -0.001)
(0 0.2170625764 0.001)
(0.002 0.2170625764 0.001)
(0 0.2170625764 -0.001)
(0.002 0.2170625764 -0.001)
(0 0.218489641 0.001)
(0.002 0.218489641 0.001)
(0 0.218489641 -0.001)
(0.002 0.218489641 -0.001)
(0 0.2199310496 0.001)
(0.002 0.2199310496 0.001)
(0 0.2199310496 -0.001)
(0.002 0.2199310496 -0.001)
(0 0.2213869463 0.001)
(0.002 0.2213869463 0.001)
(0 0.2213869463 -0.001)
(0.002 0.2213869463 -0.001)
(0 0.2228574767 0.001)
(0.002 0.2228574767 0.001)
(0 0.2228574767 -0.001)
(0.002 0.2228574767 -0.001)
(0 0.2243427879 0.001)
(0.002 0.2243427879 0.001)
(0 0.2243427879 -0.001)
(0.002 0.2243427879 -0.001)
(0 0.2258430285 0.001)
(0.002 0.2258430285 0.001)
(0 0.2258430285 -0.001)
(0.002 0.2258430285 -0.001)
(0 0.2273583485 0.001)
(0.002 0.2273583485 0.001)
(0 0.2273583485 -0.001)
(0.002 0.2273583485 -0.001)
(0 0.2288888995 0.001)
(0.002 0.2288888995 0.001)
(0 0.2288888995 -0.001)
(0.002 0.2288888995 -0.001)
(0 0.2304348347 0.001)
(0.002 0.2304348347 0.001)
(0 0.2304348347 -0.001)
(0.002 0.2304348347 -0.001)
(0 0.2319963085 0.001)
(0.002 0.2319963085 0.001)
(0 0.2319963085 -0.001)
(0.002 0.2319963085 -0.001)
(0 0.2335734773 0.001)
(0.002 0.2335734773 0.001)
(0 0.2335734773 -0.001)
(0.002 0.2335734773 -0.001)
(0 0.2351664988 0.001)
(0.002 0.2351664988 0.001)
(0 0.2351664988 -0.001)
(0.002 0.2351664988 -0.001)
(0 0.2367755322 0.001)
(0.002 0.2367755322 0.001)
(0 0.2367755322 -0.001)
(0.002 0.2367755322 -0.001)
(0 0.2384007387 0.001)
(0.002 0.2384007387 0.001)
(0 0.2384007387 -0.001)
(0.002 0.2384007387 -0.001)
(0 0.2400422806 0.001)
(0.002 0.2400422806 0.001)
(0 0.2400422806 -0.001)
(0.002 0.2400422806 -0.001)
(0 0.2417003222 0.001)
(0.002 0.2417003222 0.001)
(0 0.2417003222 -0.001)
(0.002 0.2417003222 -0.001)
(0 0.2433750294 0.001)
(0.002 0.2433750294 0.001)
(0 0.2433750294 -0.001)
(0.002 0.2433750294 -0.001)
(0 0.2450665697 0.001)
(0.002 0.2450665697 0.001)
(0 0.2450665697 -0.001)
(0.002 0.2450665697 -0.001)
(0 0.2467751122 0.001)
(0.002 0.2467751122 0.001)
(0 0.2467751122 -0.001)
(0.002 0.2467751122 -0.001)
(0 0.2485008279 0.001)
(0.002 0.2485008279 0.001)
(0 0.2485008279 -0.001)
(0.002 0.2485008279 -0.001)
(0 0.2502438893 0.001)
(0.002 0.2502438893 0.001)
(0 0.2502438893 -0.001)
(0.002 0.2502438893 -0.001)
(0 0.2520044709 0.001)
(0.002 0.2520044709 0.001)
(0 0.2520044709 -0.001)
(0.002 0.2520044709 -0.001)
(0 0.2537827487 0.001)
(0.002 0.2537827487 0.001)
(0 0.2537827487 -0.001)
(0.002 0.2537827487 -0.001)
(0 0.2555789005 0.001)
(0.002 0.2555789005 0.001)
(0 0.2555789005 -0.001)
(0.002 0.2555789005 -0.001)
(0 0.2573931061 0.001)
(0.002 0.2573931061 0.001)
(0 0.2573931061 -0.001)
(0.002 0.2573931061 -0.001)
(0 0.2592255469 0.001)
(0.002 0.2592255469 0.001)
(0 0.2592255469 -0.001)
(0.002 0.2592255469 -0.001)
(0 0.2610764063 0.001)
(0.002 0.2610764063 0.001)
(0 0.2610764063 -0.001)
(0.002 0.2610764063 -0.001)
(0 0.2629458692 0.001)
(0.002 0.2629458692 0.001)
(0 0.2629458692 -0.001)
(0.002 0.2629458692 -0.001)
(0 0.2648341228 0.001)
(0.002 0.2648341228 0.001)
(0 0.2648341228 -0.001)
(0.002 0.2648341228 -0.001)
(0 0.2667413558 0.001)
(0.002 0.2667413558 0.001)
(0 0.2667413558 -0.001)
(0.002 0.2667413558 -0.001)
(0 0.2686677592 0.001)
(0.002 0.2686677592 0.001)
(0 0.2686677592 -0.001)
(0.002 0.2686677592 -0.001)
(0 0.2706135254 0.001)
(0.002 0.2706135254 0.001)
(0 0.2706135254 -0.001)
(0.002 0.2706135254 -0.001)
(0 0.2725788493 0.001)
(0.002 0.2725788493 0.001)
(0 0.2725788493 -0.001)
(0.002 0.2725788493 -0.001)
(0 0.2745639273 0.001)
(0.002 0.2745639273 0.001)
(0 0.2745639273 -0.001)
(0.002 0.2745639273 -0.001)
(0 0.276568958 0.001)
(0.002 0.276568958 0.001)
(0 0.276568958 -0.001)
(0.002 0.276568958 -0.001)
(0 0.2785941419 0.001)
(0.002 0.2785941419 0.001)
(0 0.2785941419 -0.001)
(0.002 0.2785941419 -0.001)
(0 0.2806396817 0.001)
(0.002 0.2806396817 0.001)
(0 0.2806396817 -0.001)
(0.002 0.2806396817 -0.001)
(0 0.282705782 0.001)
(0.002 0.282705782 0.001)
(0 0.282705782 -0.001)
(0.002 0.282705782 -0.001)
(0 0.2847926493 0.001)
(0.002 0.2847926493 0.001)
(0 0.2847926493 -0.001)
(0.002 0.2847926493 -0.001)
(0 0.2869004924 0.001)
(0.002 0.2869004924 0.001)
(0 0.2869004924 -0.001)
(0.002 0.2869004924 -0.001)
(0 0.2890295222 0.001)
(0.002 0.2890295222 0.001)
(0 0.2890295222 -0.001)
(0.002 0.2890295222 -0.001)
(0 0.2911799517 0.001)
(0.002 0.2911799517 0.001)
(0 0.2911799517 -0.001)
(0.002 0.2911799517 -0.001)
(0 0.2933519958 0.001)
(0.002 0.2933519958 0.001)
(0 0.2933519958 -0.001)
(0.002 0.2933519958 -0.001)
(0 0.2955458719 0.001)
(0.002 0.2955458719 0.001)
(0 0.2955458719 -0.001)
(0.002 0.2955458719 -0.001)
(0 0.2977617994 0.001)
(0.002 0.2977617994 0.001)
(0 0.2977617994 -0.001)
(0.002 0.2977617994 -0.001)
(0 0.3 0.001)
(0.002 0.3 0.001)
(0 0.3 -0.001)
(0.002 0.3 -0.001)
(0 0.302 0.001)
(0.002 0.302 0.001)
(0 0.302 -0.001)
(0.002 0.302 -0.001)
(0 0.304 0.001)
(0.002 0.304 0.001)
(0 0.304 -0.001)
(0.002 0.304 -0.001)
(0 0.306 0.001)
(0.002 0.306 0.001)
(0 0.306 -0.001)
(0.002 0.306 -0.001)
(0 0.308 0.001)
(0.002 0.308 0.001)
(0 0.308 -0.001)
(0.002 0.308 -0.001)
(0 0.31 0.001)
(0.002 0.31 0.001)
(0 0.31 -0.001)
(0.002 0.31 -0.001)
(0 0.312 0.001)
(0.002 0.312 0.001)
(0 0.312 -0.001)
(0.002 0.312 -0.001)
(0 0.314 0.001)
(0.002 0.314 0.001)
(0 0.314 -0.001)
(0.002 0.314 -0.001)
(0 0.316 0.001)
(0.002 0.316 0.001)
(0 0.316 -0.001)
(0.002 0.316 -0.001)
(0 0.318 0.001)
(0.002 0.318 0.001)
(0 0.318 -0.001)
(0.002 0.318 -0.001)
(0 0.32 0.001)
(0.002 0.32 0.001)
(0 0.32 -0.001)
(0.002 0.32 -0.001)
(0 0.322 0.001)
(0.002 0.322 0.001)
(0 0.322 -0.001)
(0.002 0.322 -0.001)
(0 0.324 0.001)
(0.002 0.324 0.001)
(0 0.324 -0.001)
(0.002 0.324 -0.001)
(0 0.326 0.001)
(0.002 0.326 0.001)
(0 0.326 -0.001)
(0.002 0.326 -0.001)
(0 0.328 0.001)
(0.002 0.328 0.001)
(0 0.328 -0.001)
(0.002 0.328 -0.001)
(0 0.33 0.001)
(0.002 0.33 0.001)
(0 0.33 -0.001)
(0.002 0.33 -0.001)
(0 0.332 0.001)
(0.002 0.332 0.001)
(0 0.332 -0.001)
(0.002 0.332 -0.001)
(0 0.334 0.001)
(0.002 0.334 0.001)
(0 0.334 -0.001)
(0.002 0.334 -0.001)
(0 0.336 0.001)
(0.002 0.336 0.001)
(0 0.336 -0.001)
(0.002 0.336 -0.001)
(0 0.338 0.001)
(0.002 0.338 0.001)
(0 0.338 -0.001)
(0.002 0.338 -0.001)
(0 0.34 0.001)
(0.002 0.34 0.001)
(0 0.34 -0.001)
(0.002 0.34 -0.001)
(0 0.342 0.001)
(0.002 0.342 0.001)
(0 0.342 -0.001)
(0.002 0.342 -0.001)
(0 0.344 0.001)
(0.002 0.344 0.001)
(0 0.344 -0.001)
(0.002 0.344 -0.001)
(0 0.346 0.001)
(0.002 0.346 0.001)
(0 0.346 -0.001)
(0.002 0.346 -0.001)
(0 0.348 0.001)
(0.002 0.348 0.001)
(0 0.348 -0.001)
(0.002 0.348 -0.001)
(0 0.35 0.001)
(0.002 0.35 0.001)
(0 0.35 -0.001)
(0.002 0.35 -0.001)
(0 0.352 0.001)
(0.002 0.352 0.001)
(0 0.352 -0.001)
(0.002 0.352 -0.001)
(0 0.354 0.001)
(0.002 0.354 0.001)
(0 0.354 -0.001)
(0.002 0.354 -0.001)
(0 0.356 0.001)
(0.002 0.356 0.001)
(0 0.356 -0.001)
(0.002 0.356 -0.001)
(0 0.358 0.001)
(0.002 0.358 0.001)
(0 0.358 -0.001)
(0.002 0.358 -0.001)
(0 0.36 0.001)
(0.002 0.36 0.001)
(0 0.36 -0.001)
(0.002 0.36 -0.001)
(0 0.362 0.001)
(0.002 0.362 0.001)
(0 0.362 -0.001)
(0.002 0.362 -0.001)
(0 0.364 0.001)
(0.002 0.364 0.001)
(0 0.364 -0.001)
(0.002 0.364 -0.001)
(0 0.366 0.001)
(0.002 0.366 0.001)
(0 0.366 -0.001)
(0.002 0.366 -0.001)
(0 0.368 0.001)
(0.002 0.368 0.001)
(0 0.368 -0.001)
(0.002 0.368 -0.001)
(0 0.37 0.001)
(0.002 0.37 0.001)
(0 0.37 -0.001)
(0.002 0.37 -0.001)
(0 0.372 0.001)
(0.002 0.372 0.001)
(0 0.372 -0.001)
(0.002 0.372 -0.001)
(0 0.374 0.001)
(0.002 0.374 0.001)
(0 0.374 -0.001)
(0.002 0.374 -0.001)
(0 0.376 0.001)
(0.002 0.376 0.001)
(0 0.376 -0.001)
(0.002 0.376 -0.001)
(0 0.378 0.001)
(0.002 0.378 0.001)
(0 0.378 -0.001)
(0.002 0.378 -0.001)
(0 0.38 0.001)
(0.002 0.38 0.001)
(0 0.38 -0.001)
(0.002 0.38 -0.001)
(0 0.382 0.001)
(0.002 0.382 0.001)
(0 0.382 -0.001)
(0.002 0.382 -0.001)
(0 0.384 0.001)
(0.002 0.384 0.001)
(0 0.384 -0.001)
(0.002 0.384 -0.001)
(0 0.386 0.001)
(0.002 0.386 0.001)
(0 0.386 -0.001)
(0.002 0.386 -0.001)
(0 0.388 0.001)
(0.002 0.388 0.001)
(0 0.388 -0.001)
(0.002 0.388 -0.001)
(0 0.39 0.001)
(0.002 0.39 0.001)
(0 0.39 -0.001)
(0.002 0.39 -0.001)
(0 0.392 0.001)
(0.002 0.392 0.001)
(0 0.392 -0.001)
(0.002 0.392 -0.001)
(0 0.394 0.001)
(0.002 0.394 0.001)
(0 0.394 -0.001)
(0.002 0.394 -0.001)
(0 0.396 0.001)
(0.002 0.396 0.001)
(0 0.396 -0.001)
(0.002 0.396 -0.001)
(0 0.398 0.001)
(0.002 0.398 0.001)
(0 0.398 -0.001)
(0.002 0.398 -0.001)
(0 0.4 0.001)
(0.002 0.4 0.001)
(0 0.4 -0.001)
(0.002 0.4 -0.001)
(0 0.402 0.001)
(0.002 0.402 0.001)
(0 0.402 -0.001)
(0.002 0.402 -0.001)
(0 0.404 0.001)
(0.002 0.404 0.001)
(0 0.404 -0.001)
(0.002 0.404 -0.001)
(0 0.406 0.001)
(0.002 0.406 0.001)
(0 0.406 -0.001)
(0.002 0.406 -0.001)
(0 0.408 0.001)
(0.002 0.408 0.001)
(0 0.408 -0.001)
(0.002 0.408 -0.001)
(0 0.41 0.001)
(0.002 0.41 0.001)
(0 0.41 -0.001)
(0.002 0.41 -0.001)
(0 0.412 0.001)
(0.002 0.412 0.001)
(0 0.412 -0.001)
(0.002 0.412 -0.001)
(0 0.414 0.001)
(0.002 0.414 0.001)
(0 0.414 -0.001)
(0.002 0.414 -0.001)
(0 0.416 0.001)
(0.002 0.416 0.001)
(0 0.416 -0.001)
(0.002 0.416 -0.001)
(0 0.418 0.001)
(0.002 0.418 0.001)
(0 0.418 -0.001)
(0.002 0.418 -0.001)
(0 0.42 0.001)
(0.002 0.42 0.001)
(0 0.42 -0.001)
(0.002 0.42 -0.001)
(0 0.422 0.001)
(0.002 0.422 0.001)
(0 0.422 -0.001)
(0.002 0.422 -0.001)
(0 0.424 0.001)
(0.002 0.424 0.001)
(0 0.424 -0.001)
(0.002 0.424 -0.001)
(0 0.426 0.001)
(0.002 0.426 0.001)
(0 0.426 -0.001)
(0.002 0.426 -0.001)
(0 0.428 0.001)
(0.002 0.428 0.001)
(0 0.428 -0.001)
(0.002 0.428 -0.001)
(0 0.43 0.001)
(0.002 0.43 0.001)
(0 0.43 -0.001)
(0.002 0.43 -0.001)
(0 0.432 0.001)
(0.002 0.432 0.001)
(0 0.432 -0.001)
(0.002 0.432 -0.001)
(0 0.434 0.001)
(0.002 0.434 0.001)
(0 0.434 -0.001)
(0.002 0.434 -0.001)
(0 0.436 0.001)
(0.002 0.436 0.001)
(0 0.436 -0.001)
(0.002 0.436 -0.001)
(0 0.438 0.001)
(0.002 0.438 0.001)
(0 0.438 -0.001)
(0.002 0.438 -0.001)
(0 0.44 0.001)
(0.002 0.44 0.001)
(0 0.44 -0.001)
(0.002 0.44 -0.001)
(0 0.442 0.001)
(0.002 0.442 0.001)
(0 0.442 -0.001)
(0.002 0.442 -0.001)
(0 0.444 0.001)
(0.002 0.444 0.001)
(0 0.444 -0.001)
(0.002 0.444 -0.001)
(0 0.446 0.001)
(0.002 0.446 0.001)
(0 0.446 -0.001)
(0.002 0.446 -0.001)
(0 0.448 0.001)
(0.002 0.448 0.001)
(0 0.448 -0.001)
(0.002 0.448 -0.001)
(0 0.45 0.001)
(0.002 0.45 0.001)
(0 0.45 -0.001)
(0.002 0.45 -0.001)
(0 0.452 0.001)
(0.002 0.452 0.001)
(0 0.452 -0.001)
(0.002 0.452 -0.001)
(0 0.454 0.001)
(0.002 0.454 0.001)
(0 0.454 -0.001)
(0.002 0.454 -0.001)
(0 0.456 0.001)
(0.002 0.456 0.001)
(0 0.456 -0.001)
(0.002 0.456 -0.001)
(0 0.458 0.001)
(0.002 0.458 0.001)
(0 0.458 -0.001)
(0.002 0.458 -0.001)
(0 0.46 0.001)
(0.002 0.46 0.001)
(0 0.46 -0.001)
(0.002 0.46 -0.001)
(0 0.462 0.001)
(0.002 0.462 0.001)
(0 0.462 -0.001)
(0.002 0.462 -0.001)
(0 0.464 0.001)
(0.002 0.464 0.001)
(0 0.464 -0.001)
(0.002 0.464 -0.001)
(0 0.466 0.001)
(0.002 0.466 0.001)
(0 0.466 -0.001)
(0.002 0.466 -0.001)
(0 0.468 0.001)
(0.002 0.468 0.001)
(0 0.468 -0.001)
(0.002 0.468 -0.001)
(0 0.47 0.001)
(0.002 0.47 0.001)
(0 0.47 -0.001)
(0.002 0.47 -0.001)
(0 0.472 0.001)
(0.002 0.472 0.001)
(0 0.472 -0.001)
(0.002 0.472 -0.001)
(0 0.474 0.001)
(0.002 0.474 0.001)
(0 0.474 -0.001)
(0.002 0.474 -0.001)
(0 0.476 0.001)
(0.002 0.476 0.001)
(0 0.476 -0.001)
(0.002 0.476 -0.001)
(0 0.478 0.001)
(0.002 0.478 0.001)
(0 0.478 -0.001)
(0.002 0.478 -0.001)
(0 0.48 0.001)
(0.002 0.48 0.001)
(0 0.48 -0.001)
(0.002 0.48 -0.001)
(0 0.482 0.001)
(0.002 0.482 0.001)
(0 0.482 -0.001)
(0.002 0.482 -0.001)
(0 0.484 0.001)
(0.002 0.484 0.001)
(0 0.484 -0.001)
(0.002 0.484 -0.001)
(0 0.486 0.001)
(0.002 0.486 0.001)
(0 0.486 -0.001)
(0.002 0.486 -0.001)
(0 0.488 0.001)
(0.002 0.488 0.001)
(0 0.488 -0.001)
(0.002 0.488 -0.001)
(0 0.49 0.001)
(0.002 0.49 0.001)
(0 0.49 -0.001)
(0.002 0.49 -0.001)
(0 0.492 0.001)
(0.002 0.492 0.001)
(0 0.492 -0.001)
(0.002 0.492 -0.001)
(0 0.494 0.001)
(0.002 0.494 0.001)
(0 0.494 -0.001)
(0.002 0.494 -0.001)
(0 0.496 0.001)
(0.002 0.496 0.001)
(0 0.496 -0.001)
(0.002 0.496 -0.001)
(0 0.498 0.001)
(0.002 0.498 0.001)
(0 0.498 -0.001)
(0.002 0.498 -0.001)
(0 0.5 0.001)
(0.002 0.5 0.001)
(0 0.5 -0.001)
(0.002 0.5 -0.001)
)


// ************************************************************************* //
