/*--------------------------------*- C++ -*----------------------------------*\
| =========                 |                                                 |
| \\      /  F ield         | OpenFOAM: The Open Source CFD Toolbox           |
|  \\    /   O peration     | Version:  2.4.0                                 |
|   \\  /    A nd           | Web:      www.OpenFOAM.org                      |
|    \\/     M anipulation  |                                                 |
\*---------------------------------------------------------------------------*/
FoamFile
{
    version     2.0;
    format      ascii;
    class       vectorField;
    location    "constant/polyMesh";
    object      points;
}
// * * * * * * * * * * * * * * * * * * * * * * * * * * * * * * * * * * * * * //


804
(
(-0.000325 0 0.000325)
(0.000325 0 0.000325)
(-0.000325 0 -0.000325)
(0.000325 0 -0.000325)
(-0.000325 0.000325 0.000325)
(0.000325 0.000325 0.000325)
(-0.000325 0.000325 -0.000325)
(0.000325 0.000325 -0.000325)
(-0.000325 0.00065 0.000325)
(0.000325 0.00065 0.000325)
(-0.000325 0.00065 -0.000325)
(0.000325 0.00065 -0.000325)
(-0.000325 0.000975 0.000325)
(0.000325 0.000975 0.000325)
(-0.000325 0.000975 -0.000325)
(0.000325 0.000975 -0.000325)
(-0.000325 0.0013 0.000325)
(0.000325 0.0013 0.000325)
(-0.000325 0.0013 -0.000325)
(0.000325 0.0013 -0.000325)
(-0.000325 0.001625 0.000325)
(0.000325 0.001625 0.000325)
(-0.000325 0.001625 -0.000325)
(0.000325 0.001625 -0.000325)
(-0.000325 0.00195 0.000325)
(0.000325 0.00195 0.000325)
(-0.000325 0.00195 -0.000325)
(0.000325 0.00195 -0.000325)
(-0.000325 0.002275 0.000325)
(0.000325 0.002275 0.000325)
(-0.000325 0.002275 -0.000325)
(0.000325 0.002275 -0.000325)
(-0.000325 0.0026 0.000325)
(0.000325 0.0026 0.000325)
(-0.000325 0.0026 -0.000325)
(0.000325 0.0026 -0.000325)
(-0.000325 0.002925 0.000325)
(0.000325 0.002925 0.000325)
(-0.000325 0.002925 -0.000325)
(0.000325 0.002925 -0.000325)
(-0.000325 0.00325 0.000325)
(0.000325 0.00325 0.000325)
(-0.000325 0.00325 -0.000325)
(0.000325 0.00325 -0.000325)
(-0.000325 0.003575 0.000325)
(0.000325 0.003575 0.000325)
(-0.000325 0.003575 -0.000325)
(0.000325 0.003575 -0.000325)
(-0.000325 0.0039 0.000325)
(0.000325 0.0039 0.000325)
(-0.000325 0.0039 -0.000325)
(0.000325 0.0039 -0.000325)
(-0.000325 0.004225 0.000325)
(0.000325 0.004225 0.000325)
(-0.000325 0.004225 -0.000325)
(0.000325 0.004225 -0.000325)
(-0.000325 0.00455 0.000325)
(0.000325 0.00455 0.000325)
(-0.000325 0.00455 -0.000325)
(0.000325 0.00455 -0.000325)
(-0.000325 0.004875 0.000325)
(0.000325 0.004875 0.000325)
(-0.000325 0.004875 -0.000325)
(0.000325 0.004875 -0.000325)
(-0.000325 0.0052 0.000325)
(0.000325 0.0052 0.000325)
(-0.000325 0.0052 -0.000325)
(0.000325 0.0052 -0.000325)
(-0.000325 0.005525 0.000325)
(0.000325 0.005525 0.000325)
(-0.000325 0.005525 -0.000325)
(0.000325 0.005525 -0.000325)
(-0.000325 0.00585 0.000325)
(0.000325 0.00585 0.000325)
(-0.000325 0.00585 -0.000325)
(0.000325 0.00585 -0.000325)
(-0.000325 0.006175 0.000325)
(0.000325 0.006175 0.000325)
(-0.000325 0.006175 -0.000325)
(0.000325 0.006175 -0.000325)
(-0.000325 0.0065 0.000325)
(0.000325 0.0065 0.000325)
(-0.000325 0.0065 -0.000325)
(0.000325 0.0065 -0.000325)
(-0.000325 0.006825 0.000325)
(0.000325 0.006825 0.000325)
(-0.000325 0.006825 -0.000325)
(0.000325 0.006825 -0.000325)
(-0.000325 0.00715 0.000325)
(0.000325 0.00715 0.000325)
(-0.000325 0.00715 -0.000325)
(0.000325 0.00715 -0.000325)
(-0.000325 0.007475 0.000325)
(0.000325 0.007475 0.000325)
(-0.000325 0.007475 -0.000325)
(0.000325 0.007475 -0.000325)
(-0.000325 0.0078 0.000325)
(0.000325 0.0078 0.000325)
(-0.000325 0.0078 -0.000325)
(0.000325 0.0078 -0.000325)
(-0.000325 0.008125 0.000325)
(0.000325 0.008125 0.000325)
(-0.000325 0.008125 -0.000325)
(0.000325 0.008125 -0.000325)
(-0.000325 0.00845 0.000325)
(0.000325 0.00845 0.000325)
(-0.000325 0.00845 -0.000325)
(0.000325 0.00845 -0.000325)
(-0.000325 0.008775 0.000325)
(0.000325 0.008775 0.000325)
(-0.000325 0.008775 -0.000325)
(0.000325 0.008775 -0.000325)
(-0.000325 0.0091 0.000325)
(0.000325 0.0091 0.000325)
(-0.000325 0.0091 -0.000325)
(0.000325 0.0091 -0.000325)
(-0.000325 0.009425 0.000325)
(0.000325 0.009425 0.000325)
(-0.000325 0.009425 -0.000325)
(0.000325 0.009425 -0.000325)
(-0.000325 0.00975 0.000325)
(0.000325 0.00975 0.000325)
(-0.000325 0.00975 -0.000325)
(0.000325 0.00975 -0.000325)
(-0.000325 0.010075 0.000325)
(0.000325 0.010075 0.000325)
(-0.000325 0.010075 -0.000325)
(0.000325 0.010075 -0.000325)
(-0.000325 0.0104 0.000325)
(0.000325 0.0104 0.000325)
(-0.000325 0.0104 -0.000325)
(0.000325 0.0104 -0.000325)
(-0.000325 0.010725 0.000325)
(0.000325 0.010725 0.000325)
(-0.000325 0.010725 -0.000325)
(0.000325 0.010725 -0.000325)
(-0.000325 0.01105 0.000325)
(0.000325 0.01105 0.000325)
(-0.000325 0.01105 -0.000325)
(0.000325 0.01105 -0.000325)
(-0.000325 0.011375 0.000325)
(0.000325 0.011375 0.000325)
(-0.000325 0.011375 -0.000325)
(0.000325 0.011375 -0.000325)
(-0.000325 0.0117 0.000325)
(0.000325 0.0117 0.000325)
(-0.000325 0.0117 -0.000325)
(0.000325 0.0117 -0.000325)
(-0.000325 0.012025 0.000325)
(0.000325 0.012025 0.000325)
(-0.000325 0.012025 -0.000325)
(0.000325 0.012025 -0.000325)
(-0.000325 0.01235 0.000325)
(0.000325 0.01235 0.000325)
(-0.000325 0.01235 -0.000325)
(0.000325 0.01235 -0.000325)
(-0.000325 0.012675 0.000325)
(0.000325 0.012675 0.000325)
(-0.000325 0.012675 -0.000325)
(0.000325 0.012675 -0.000325)
(-0.000325 0.013 0.000325)
(0.000325 0.013 0.000325)
(-0.000325 0.013 -0.000325)
(0.000325 0.013 -0.000325)
(-0.000325 0.013325 0.000325)
(0.000325 0.013325 0.000325)
(-0.000325 0.013325 -0.000325)
(0.000325 0.013325 -0.000325)
(-0.000325 0.01365 0.000325)
(0.000325 0.01365 0.000325)
(-0.000325 0.01365 -0.000325)
(0.000325 0.01365 -0.000325)
(-0.000325 0.013975 0.000325)
(0.000325 0.013975 0.000325)
(-0.000325 0.013975 -0.000325)
(0.000325 0.013975 -0.000325)
(-0.000325 0.0143 0.000325)
(0.000325 0.0143 0.000325)
(-0.000325 0.0143 -0.000325)
(0.000325 0.0143 -0.000325)
(-0.000325 0.014625 0.000325)
(0.000325 0.014625 0.000325)
(-0.000325 0.014625 -0.000325)
(0.000325 0.014625 -0.000325)
(-0.000325 0.01495 0.000325)
(0.000325 0.01495 0.000325)
(-0.000325 0.01495 -0.000325)
(0.000325 0.01495 -0.000325)
(-0.000325 0.015275 0.000325)
(0.000325 0.015275 0.000325)
(-0.000325 0.015275 -0.000325)
(0.000325 0.015275 -0.000325)
(-0.000325 0.0156 0.000325)
(0.000325 0.0156 0.000325)
(-0.000325 0.0156 -0.000325)
(0.000325 0.0156 -0.000325)
(-0.000325 0.015925 0.000325)
(0.000325 0.015925 0.000325)
(-0.000325 0.015925 -0.000325)
(0.000325 0.015925 -0.000325)
(-0.000325 0.01625 0.000325)
(0.000325 0.01625 0.000325)
(-0.000325 0.01625 -0.000325)
(0.000325 0.01625 -0.000325)
(-0.000325 0.016575 0.000325)
(0.000325 0.016575 0.000325)
(-0.000325 0.016575 -0.000325)
(0.000325 0.016575 -0.000325)
(-0.000325 0.0169 0.000325)
(0.000325 0.0169 0.000325)
(-0.000325 0.0169 -0.000325)
(0.000325 0.0169 -0.000325)
(-0.000325 0.017225 0.000325)
(0.000325 0.017225 0.000325)
(-0.000325 0.017225 -0.000325)
(0.000325 0.017225 -0.000325)
(-0.000325 0.01755 0.000325)
(0.000325 0.01755 0.000325)
(-0.000325 0.01755 -0.000325)
(0.000325 0.01755 -0.000325)
(-0.000325 0.017875 0.000325)
(0.000325 0.017875 0.000325)
(-0.000325 0.017875 -0.000325)
(0.000325 0.017875 -0.000325)
(-0.000325 0.0182 0.000325)
(0.000325 0.0182 0.000325)
(-0.000325 0.0182 -0.000325)
(0.000325 0.0182 -0.000325)
(-0.000325 0.018525 0.000325)
(0.000325 0.018525 0.000325)
(-0.000325 0.018525 -0.000325)
(0.000325 0.018525 -0.000325)
(-0.000325 0.01885 0.000325)
(0.000325 0.01885 0.000325)
(-0.000325 0.01885 -0.000325)
(0.000325 0.01885 -0.000325)
(-0.000325 0.019175 0.000325)
(0.000325 0.019175 0.000325)
(-0.000325 0.019175 -0.000325)
(0.000325 0.019175 -0.000325)
(-0.000325 0.0195 0.000325)
(0.000325 0.0195 0.000325)
(-0.000325 0.0195 -0.000325)
(0.000325 0.0195 -0.000325)
(-0.000325 0.019825 0.000325)
(0.000325 0.019825 0.000325)
(-0.000325 0.019825 -0.000325)
(0.000325 0.019825 -0.000325)
(-0.000325 0.02015 0.000325)
(0.000325 0.02015 0.000325)
(-0.000325 0.02015 -0.000325)
(0.000325 0.02015 -0.000325)
(-0.000325 0.020475 0.000325)
(0.000325 0.020475 0.000325)
(-0.000325 0.020475 -0.000325)
(0.000325 0.020475 -0.000325)
(-0.000325 0.0208 0.000325)
(0.000325 0.0208 0.000325)
(-0.000325 0.0208 -0.000325)
(0.000325 0.0208 -0.000325)
(-0.000325 0.021125 0.000325)
(0.000325 0.021125 0.000325)
(-0.000325 0.021125 -0.000325)
(0.000325 0.021125 -0.000325)
(-0.000325 0.02145 0.000325)
(0.000325 0.02145 0.000325)
(-0.000325 0.02145 -0.000325)
(0.000325 0.02145 -0.000325)
(-0.000325 0.021775 0.000325)
(0.000325 0.021775 0.000325)
(-0.000325 0.021775 -0.000325)
(0.000325 0.021775 -0.000325)
(-0.000325 0.0221 0.000325)
(0.000325 0.0221 0.000325)
(-0.000325 0.0221 -0.000325)
(0.000325 0.0221 -0.000325)
(-0.000325 0.022425 0.000325)
(0.000325 0.022425 0.000325)
(-0.000325 0.022425 -0.000325)
(0.000325 0.022425 -0.000325)
(-0.000325 0.02275 0.000325)
(0.000325 0.02275 0.000325)
(-0.000325 0.02275 -0.000325)
(0.000325 0.02275 -0.000325)
(-0.000325 0.023075 0.000325)
(0.000325 0.023075 0.000325)
(-0.000325 0.023075 -0.000325)
(0.000325 0.023075 -0.000325)
(-0.000325 0.0234 0.000325)
(0.000325 0.0234 0.000325)
(-0.000325 0.0234 -0.000325)
(0.000325 0.0234 -0.000325)
(-0.000325 0.023725 0.000325)
(0.000325 0.023725 0.000325)
(-0.000325 0.023725 -0.000325)
(0.000325 0.023725 -0.000325)
(-0.000325 0.02405 0.000325)
(0.000325 0.02405 0.000325)
(-0.000325 0.02405 -0.000325)
(0.000325 0.02405 -0.000325)
(-0.000325 0.024375 0.000325)
(0.000325 0.024375 0.000325)
(-0.000325 0.024375 -0.000325)
(0.000325 0.024375 -0.000325)
(-0.000325 0.0247 0.000325)
(0.000325 0.0247 0.000325)
(-0.000325 0.0247 -0.000325)
(0.000325 0.0247 -0.000325)
(-0.000325 0.025025 0.000325)
(0.000325 0.025025 0.000325)
(-0.000325 0.025025 -0.000325)
(0.000325 0.025025 -0.000325)
(-0.000325 0.02535 0.000325)
(0.000325 0.02535 0.000325)
(-0.000325 0.02535 -0.000325)
(0.000325 0.02535 -0.000325)
(-0.000325 0.025675 0.000325)
(0.000325 0.025675 0.000325)
(-0.000325 0.025675 -0.000325)
(0.000325 0.025675 -0.000325)
(-0.000325 0.026 0.000325)
(0.000325 0.026 0.000325)
(-0.000325 0.026 -0.000325)
(0.000325 0.026 -0.000325)
(-0.000325 0.026325 0.000325)
(0.000325 0.026325 0.000325)
(-0.000325 0.026325 -0.000325)
(0.000325 0.026325 -0.000325)
(-0.000325 0.02665 0.000325)
(0.000325 0.02665 0.000325)
(-0.000325 0.02665 -0.000325)
(0.000325 0.02665 -0.000325)
(-0.000325 0.026975 0.000325)
(0.000325 0.026975 0.000325)
(-0.000325 0.026975 -0.000325)
(0.000325 0.026975 -0.000325)
(-0.000325 0.0273 0.000325)
(0.000325 0.0273 0.000325)
(-0.000325 0.0273 -0.000325)
(0.000325 0.0273 -0.000325)
(-0.000325 0.027625 0.000325)
(0.000325 0.027625 0.000325)
(-0.000325 0.027625 -0.000325)
(0.000325 0.027625 -0.000325)
(-0.000325 0.02795 0.000325)
(0.000325 0.02795 0.000325)
(-0.000325 0.02795 -0.000325)
(0.000325 0.02795 -0.000325)
(-0.000325 0.028275 0.000325)
(0.000325 0.028275 0.000325)
(-0.000325 0.028275 -0.000325)
(0.000325 0.028275 -0.000325)
(-0.000325 0.0286 0.000325)
(0.000325 0.0286 0.000325)
(-0.000325 0.0286 -0.000325)
(0.000325 0.0286 -0.000325)
(-0.000325 0.028925 0.000325)
(0.000325 0.028925 0.000325)
(-0.000325 0.028925 -0.000325)
(0.000325 0.028925 -0.000325)
(-0.000325 0.02925 0.000325)
(0.000325 0.02925 0.000325)
(-0.000325 0.02925 -0.000325)
(0.000325 0.02925 -0.000325)
(-0.000325 0.029575 0.000325)
(0.000325 0.029575 0.000325)
(-0.000325 0.029575 -0.000325)
(0.000325 0.029575 -0.000325)
(-0.000325 0.0299 0.000325)
(0.000325 0.0299 0.000325)
(-0.000325 0.0299 -0.000325)
(0.000325 0.0299 -0.000325)
(-0.000325 0.030225 0.000325)
(0.000325 0.030225 0.000325)
(-0.000325 0.030225 -0.000325)
(0.000325 0.030225 -0.000325)
(-0.000325 0.03055 0.000325)
(0.000325 0.03055 0.000325)
(-0.000325 0.03055 -0.000325)
(0.000325 0.03055 -0.000325)
(-0.000325 0.030875 0.000325)
(0.000325 0.030875 0.000325)
(-0.000325 0.030875 -0.000325)
(0.000325 0.030875 -0.000325)
(-0.000325 0.0312 0.000325)
(0.000325 0.0312 0.000325)
(-0.000325 0.0312 -0.000325)
(0.000325 0.0312 -0.000325)
(-0.000325 0.031525 0.000325)
(0.000325 0.031525 0.000325)
(-0.000325 0.031525 -0.000325)
(0.000325 0.031525 -0.000325)
(-0.000325 0.03185 0.000325)
(0.000325 0.03185 0.000325)
(-0.000325 0.03185 -0.000325)
(0.000325 0.03185 -0.000325)
(-0.000325 0.032175 0.000325)
(0.000325 0.032175 0.000325)
(-0.000325 0.032175 -0.000325)
(0.000325 0.032175 -0.000325)
(-0.000325 0.0325 0.000325)
(0.000325 0.0325 0.000325)
(-0.000325 0.0325 -0.000325)
(0.000325 0.0325 -0.000325)
(-0.000325 0.032825 0.000325)
(0.000325 0.032825 0.000325)
(-0.000325 0.032825 -0.000325)
(0.000325 0.032825 -0.000325)
(-0.000325 0.03315 0.000325)
(0.000325 0.03315 0.000325)
(-0.000325 0.03315 -0.000325)
(0.000325 0.03315 -0.000325)
(-0.000325 0.033475 0.000325)
(0.000325 0.033475 0.000325)
(-0.000325 0.033475 -0.000325)
(0.000325 0.033475 -0.000325)
(-0.000325 0.0338 0.000325)
(0.000325 0.0338 0.000325)
(-0.000325 0.0338 -0.000325)
(0.000325 0.0338 -0.000325)
(-0.000325 0.034125 0.000325)
(0.000325 0.034125 0.000325)
(-0.000325 0.034125 -0.000325)
(0.000325 0.034125 -0.000325)
(-0.000325 0.03445 0.000325)
(0.000325 0.03445 0.000325)
(-0.000325 0.03445 -0.000325)
(0.000325 0.03445 -0.000325)
(-0.000325 0.034775 0.000325)
(0.000325 0.034775 0.000325)
(-0.000325 0.034775 -0.000325)
(0.000325 0.034775 -0.000325)
(-0.000325 0.0351 0.000325)
(0.000325 0.0351 0.000325)
(-0.000325 0.0351 -0.000325)
(0.000325 0.0351 -0.000325)
(-0.000325 0.035425 0.000325)
(0.000325 0.035425 0.000325)
(-0.000325 0.035425 -0.000325)
(0.000325 0.035425 -0.000325)
(-0.000325 0.03575 0.000325)
(0.000325 0.03575 0.000325)
(-0.000325 0.03575 -0.000325)
(0.000325 0.03575 -0.000325)
(-0.000325 0.036075 0.000325)
(0.000325 0.036075 0.000325)
(-0.000325 0.036075 -0.000325)
(0.000325 0.036075 -0.000325)
(-0.000325 0.0364 0.000325)
(0.000325 0.0364 0.000325)
(-0.000325 0.0364 -0.000325)
(0.000325 0.0364 -0.000325)
(-0.000325 0.036725 0.000325)
(0.000325 0.036725 0.000325)
(-0.000325 0.036725 -0.000325)
(0.000325 0.036725 -0.000325)
(-0.000325 0.03705 0.000325)
(0.000325 0.03705 0.000325)
(-0.000325 0.03705 -0.000325)
(0.000325 0.03705 -0.000325)
(-0.000325 0.037375 0.000325)
(0.000325 0.037375 0.000325)
(-0.000325 0.037375 -0.000325)
(0.000325 0.037375 -0.000325)
(-0.000325 0.0377 0.000325)
(0.000325 0.0377 0.000325)
(-0.000325 0.0377 -0.000325)
(0.000325 0.0377 -0.000325)
(-0.000325 0.038025 0.000325)
(0.000325 0.038025 0.000325)
(-0.000325 0.038025 -0.000325)
(0.000325 0.038025 -0.000325)
(-0.000325 0.03835 0.000325)
(0.000325 0.03835 0.000325)
(-0.000325 0.03835 -0.000325)
(0.000325 0.03835 -0.000325)
(-0.000325 0.038675 0.000325)
(0.000325 0.038675 0.000325)
(-0.000325 0.038675 -0.000325)
(0.000325 0.038675 -0.000325)
(-0.000325 0.039 0.000325)
(0.000325 0.039 0.000325)
(-0.000325 0.039 -0.000325)
(0.000325 0.039 -0.000325)
(-0.000325 0.039325 0.000325)
(0.000325 0.039325 0.000325)
(-0.000325 0.039325 -0.000325)
(0.000325 0.039325 -0.000325)
(-0.000325 0.03965 0.000325)
(0.000325 0.03965 0.000325)
(-0.000325 0.03965 -0.000325)
(0.000325 0.03965 -0.000325)
(-0.000325 0.039975 0.000325)
(0.000325 0.039975 0.000325)
(-0.000325 0.039975 -0.000325)
(0.000325 0.039975 -0.000325)
(-0.000325 0.0403 0.000325)
(0.000325 0.0403 0.000325)
(-0.000325 0.0403 -0.000325)
(0.000325 0.0403 -0.000325)
(-0.000325 0.040625 0.000325)
(0.000325 0.040625 0.000325)
(-0.000325 0.040625 -0.000325)
(0.000325 0.040625 -0.000325)
(-0.000325 0.04095 0.000325)
(0.000325 0.04095 0.000325)
(-0.000325 0.04095 -0.000325)
(0.000325 0.04095 -0.000325)
(-0.000325 0.041275 0.000325)
(0.000325 0.041275 0.000325)
(-0.000325 0.041275 -0.000325)
(0.000325 0.041275 -0.000325)
(-0.000325 0.0416 0.000325)
(0.000325 0.0416 0.000325)
(-0.000325 0.0416 -0.000325)
(0.000325 0.0416 -0.000325)
(-0.000325 0.041925 0.000325)
(0.000325 0.041925 0.000325)
(-0.000325 0.041925 -0.000325)
(0.000325 0.041925 -0.000325)
(-0.000325 0.04225 0.000325)
(0.000325 0.04225 0.000325)
(-0.000325 0.04225 -0.000325)
(0.000325 0.04225 -0.000325)
(-0.000325 0.042575 0.000325)
(0.000325 0.042575 0.000325)
(-0.000325 0.042575 -0.000325)
(0.000325 0.042575 -0.000325)
(-0.000325 0.0429 0.000325)
(0.000325 0.0429 0.000325)
(-0.000325 0.0429 -0.000325)
(0.000325 0.0429 -0.000325)
(-0.000325 0.043225 0.000325)
(0.000325 0.043225 0.000325)
(-0.000325 0.043225 -0.000325)
(0.000325 0.043225 -0.000325)
(-0.000325 0.04355 0.000325)
(0.000325 0.04355 0.000325)
(-0.000325 0.04355 -0.000325)
(0.000325 0.04355 -0.000325)
(-0.000325 0.043875 0.000325)
(0.000325 0.043875 0.000325)
(-0.000325 0.043875 -0.000325)
(0.000325 0.043875 -0.000325)
(-0.000325 0.0442 0.000325)
(0.000325 0.0442 0.000325)
(-0.000325 0.0442 -0.000325)
(0.000325 0.0442 -0.000325)
(-0.000325 0.044525 0.000325)
(0.000325 0.044525 0.000325)
(-0.000325 0.044525 -0.000325)
(0.000325 0.044525 -0.000325)
(-0.000325 0.04485 0.000325)
(0.000325 0.04485 0.000325)
(-0.000325 0.04485 -0.000325)
(0.000325 0.04485 -0.000325)
(-0.000325 0.045175 0.000325)
(0.000325 0.045175 0.000325)
(-0.000325 0.045175 -0.000325)
(0.000325 0.045175 -0.000325)
(-0.000325 0.0455 0.000325)
(0.000325 0.0455 0.000325)
(-0.000325 0.0455 -0.000325)
(0.000325 0.0455 -0.000325)
(-0.000325 0.045825 0.000325)
(0.000325 0.045825 0.000325)
(-0.000325 0.045825 -0.000325)
(0.000325 0.045825 -0.000325)
(-0.000325 0.04615 0.000325)
(0.000325 0.04615 0.000325)
(-0.000325 0.04615 -0.000325)
(0.000325 0.04615 -0.000325)
(-0.000325 0.046475 0.000325)
(0.000325 0.046475 0.000325)
(-0.000325 0.046475 -0.000325)
(0.000325 0.046475 -0.000325)
(-0.000325 0.0468 0.000325)
(0.000325 0.0468 0.000325)
(-0.000325 0.0468 -0.000325)
(0.000325 0.0468 -0.000325)
(-0.000325 0.047125 0.000325)
(0.000325 0.047125 0.000325)
(-0.000325 0.047125 -0.000325)
(0.000325 0.047125 -0.000325)
(-0.000325 0.04745 0.000325)
(0.000325 0.04745 0.000325)
(-0.000325 0.04745 -0.000325)
(0.000325 0.04745 -0.000325)
(-0.000325 0.047775 0.000325)
(0.000325 0.047775 0.000325)
(-0.000325 0.047775 -0.000325)
(0.000325 0.047775 -0.000325)
(-0.000325 0.0481 0.000325)
(0.000325 0.0481 0.000325)
(-0.000325 0.0481 -0.000325)
(0.000325 0.0481 -0.000325)
(-0.000325 0.048425 0.000325)
(0.000325 0.048425 0.000325)
(-0.000325 0.048425 -0.000325)
(0.000325 0.048425 -0.000325)
(-0.000325 0.04875 0.000325)
(0.000325 0.04875 0.000325)
(-0.000325 0.04875 -0.000325)
(0.000325 0.04875 -0.000325)
(-0.000325 0.049075 0.000325)
(0.000325 0.049075 0.000325)
(-0.000325 0.049075 -0.000325)
(0.000325 0.049075 -0.000325)
(-0.000325 0.0494 0.000325)
(0.000325 0.0494 0.000325)
(-0.000325 0.0494 -0.000325)
(0.000325 0.0494 -0.000325)
(-0.000325 0.049725 0.000325)
(0.000325 0.049725 0.000325)
(-0.000325 0.049725 -0.000325)
(0.000325 0.049725 -0.000325)
(-0.000325 0.05005 0.000325)
(0.000325 0.05005 0.000325)
(-0.000325 0.05005 -0.000325)
(0.000325 0.05005 -0.000325)
(-0.000325 0.050375 0.000325)
(0.000325 0.050375 0.000325)
(-0.000325 0.050375 -0.000325)
(0.000325 0.050375 -0.000325)
(-0.000325 0.0507 0.000325)
(0.000325 0.0507 0.000325)
(-0.000325 0.0507 -0.000325)
(0.000325 0.0507 -0.000325)
(-0.000325 0.051025 0.000325)
(0.000325 0.051025 0.000325)
(-0.000325 0.051025 -0.000325)
(0.000325 0.051025 -0.000325)
(-0.000325 0.05135 0.000325)
(0.000325 0.05135 0.000325)
(-0.000325 0.05135 -0.000325)
(0.000325 0.05135 -0.000325)
(-0.000325 0.051675 0.000325)
(0.000325 0.051675 0.000325)
(-0.000325 0.051675 -0.000325)
(0.000325 0.051675 -0.000325)
(-0.000325 0.052 0.000325)
(0.000325 0.052 0.000325)
(-0.000325 0.052 -0.000325)
(0.000325 0.052 -0.000325)
(-0.000325 0.052325 0.000325)
(0.000325 0.052325 0.000325)
(-0.000325 0.052325 -0.000325)
(0.000325 0.052325 -0.000325)
(-0.000325 0.05265 0.000325)
(0.000325 0.05265 0.000325)
(-0.000325 0.05265 -0.000325)
(0.000325 0.05265 -0.000325)
(-0.000325 0.052975 0.000325)
(0.000325 0.052975 0.000325)
(-0.000325 0.052975 -0.000325)
(0.000325 0.052975 -0.000325)
(-0.000325 0.0533 0.000325)
(0.000325 0.0533 0.000325)
(-0.000325 0.0533 -0.000325)
(0.000325 0.0533 -0.000325)
(-0.000325 0.053625 0.000325)
(0.000325 0.053625 0.000325)
(-0.000325 0.053625 -0.000325)
(0.000325 0.053625 -0.000325)
(-0.000325 0.05395 0.000325)
(0.000325 0.05395 0.000325)
(-0.000325 0.05395 -0.000325)
(0.000325 0.05395 -0.000325)
(-0.000325 0.054275 0.000325)
(0.000325 0.054275 0.000325)
(-0.000325 0.054275 -0.000325)
(0.000325 0.054275 -0.000325)
(-0.000325 0.0546 0.000325)
(0.000325 0.0546 0.000325)
(-0.000325 0.0546 -0.000325)
(0.000325 0.0546 -0.000325)
(-0.000325 0.054925 0.000325)
(0.000325 0.054925 0.000325)
(-0.000325 0.054925 -0.000325)
(0.000325 0.054925 -0.000325)
(-0.000325 0.05525 0.000325)
(0.000325 0.05525 0.000325)
(-0.000325 0.05525 -0.000325)
(0.000325 0.05525 -0.000325)
(-0.000325 0.055575 0.000325)
(0.000325 0.055575 0.000325)
(-0.000325 0.055575 -0.000325)
(0.000325 0.055575 -0.000325)
(-0.000325 0.0559 0.000325)
(0.000325 0.0559 0.000325)
(-0.000325 0.0559 -0.000325)
(0.000325 0.0559 -0.000325)
(-0.000325 0.056225 0.000325)
(0.000325 0.056225 0.000325)
(-0.000325 0.056225 -0.000325)
(0.000325 0.056225 -0.000325)
(-0.000325 0.05655 0.000325)
(0.000325 0.05655 0.000325)
(-0.000325 0.05655 -0.000325)
(0.000325 0.05655 -0.000325)
(-0.000325 0.056875 0.000325)
(0.000325 0.056875 0.000325)
(-0.000325 0.056875 -0.000325)
(0.000325 0.056875 -0.000325)
(-0.000325 0.0572 0.000325)
(0.000325 0.0572 0.000325)
(-0.000325 0.0572 -0.000325)
(0.000325 0.0572 -0.000325)
(-0.000325 0.057525 0.000325)
(0.000325 0.057525 0.000325)
(-0.000325 0.057525 -0.000325)
(0.000325 0.057525 -0.000325)
(-0.000325 0.05785 0.000325)
(0.000325 0.05785 0.000325)
(-0.000325 0.05785 -0.000325)
(0.000325 0.05785 -0.000325)
(-0.000325 0.058175 0.000325)
(0.000325 0.058175 0.000325)
(-0.000325 0.058175 -0.000325)
(0.000325 0.058175 -0.000325)
(-0.000325 0.0585 0.000325)
(0.000325 0.0585 0.000325)
(-0.000325 0.0585 -0.000325)
(0.000325 0.0585 -0.000325)
(-0.000325 0.058825 0.000325)
(0.000325 0.058825 0.000325)
(-0.000325 0.058825 -0.000325)
(0.000325 0.058825 -0.000325)
(-0.000325 0.05915 0.000325)
(0.000325 0.05915 0.000325)
(-0.000325 0.05915 -0.000325)
(0.000325 0.05915 -0.000325)
(-0.000325 0.059475 0.000325)
(0.000325 0.059475 0.000325)
(-0.000325 0.059475 -0.000325)
(0.000325 0.059475 -0.000325)
(-0.000325 0.0598 0.000325)
(0.000325 0.0598 0.000325)
(-0.000325 0.0598 -0.000325)
(0.000325 0.0598 -0.000325)
(-0.000325 0.060125 0.000325)
(0.000325 0.060125 0.000325)
(-0.000325 0.060125 -0.000325)
(0.000325 0.060125 -0.000325)
(-0.000325 0.06045 0.000325)
(0.000325 0.06045 0.000325)
(-0.000325 0.06045 -0.000325)
(0.000325 0.06045 -0.000325)
(-0.000325 0.060775 0.000325)
(0.000325 0.060775 0.000325)
(-0.000325 0.060775 -0.000325)
(0.000325 0.060775 -0.000325)
(-0.000325 0.0611 0.000325)
(0.000325 0.0611 0.000325)
(-0.000325 0.0611 -0.000325)
(0.000325 0.0611 -0.000325)
(-0.000325 0.061425 0.000325)
(0.000325 0.061425 0.000325)
(-0.000325 0.061425 -0.000325)
(0.000325 0.061425 -0.000325)
(-0.000325 0.06175 0.000325)
(0.000325 0.06175 0.000325)
(-0.000325 0.06175 -0.000325)
(0.000325 0.06175 -0.000325)
(-0.000325 0.062075 0.000325)
(0.000325 0.062075 0.000325)
(-0.000325 0.062075 -0.000325)
(0.000325 0.062075 -0.000325)
(-0.000325 0.0624 0.000325)
(0.000325 0.0624 0.000325)
(-0.000325 0.0624 -0.000325)
(0.000325 0.0624 -0.000325)
(-0.000325 0.062725 0.000325)
(0.000325 0.062725 0.000325)
(-0.000325 0.062725 -0.000325)
(0.000325 0.062725 -0.000325)
(-0.000325 0.06305 0.000325)
(0.000325 0.06305 0.000325)
(-0.000325 0.06305 -0.000325)
(0.000325 0.06305 -0.000325)
(-0.000325 0.063375 0.000325)
(0.000325 0.063375 0.000325)
(-0.000325 0.063375 -0.000325)
(0.000325 0.063375 -0.000325)
(-0.000325 0.0637 0.000325)
(0.000325 0.0637 0.000325)
(-0.000325 0.0637 -0.000325)
(0.000325 0.0637 -0.000325)
(-0.000325 0.064025 0.000325)
(0.000325 0.064025 0.000325)
(-0.000325 0.064025 -0.000325)
(0.000325 0.064025 -0.000325)
(-0.000325 0.06435 0.000325)
(0.000325 0.06435 0.000325)
(-0.000325 0.06435 -0.000325)
(0.000325 0.06435 -0.000325)
(-0.000325 0.064675 0.000325)
(0.000325 0.064675 0.000325)
(-0.000325 0.064675 -0.000325)
(0.000325 0.064675 -0.000325)
(-0.000325 0.065 0.000325)
(0.000325 0.065 0.000325)
(-0.000325 0.065 -0.000325)
(0.000325 0.065 -0.000325)
)


// ************************************************************************* //
